"DESCRIPTION","DURATION IN MS","NAME","PARENT SUITE","START TIME","STATUS","STOP TIME","SUB SUITE","SUITE","TEST CLASS","TEST METHOD"
"","0","test_can_create_connection[Test for Kusama Relay, url: wss://rpc-kusama.luckyfriday.io]","tests","2026-05-30","passed","2026-05-30","","test_nodes_availability","",""
"","0","test_can_create_connection[Test for Hydration, url: wss://rpc.hydradx.cloud]","tests","2026-05-30","passed","2026-05-30","","test_nodes_availability","",""
"","1","test_address_prefix[Test for Kintsugi]","tests","2026-05-30","passed","2026-05-30","TestNetworkPrefix","test_network_parameters","",""
"","97","test_rpc_method_is_available[Test for Shiden, url: wss://rpc.shiden.astar.network]","tests","2026-05-30","passed","2026-05-30","","test_rpc_methods_availability","",""
"","0","test_can_create_connection[Test for Bifrost Polkadot, url: wss://eu.bifrost-polkadot-rpc.liebi.com/ws]","tests","2026-05-30","passed","2026-05-30","","test_nodes_availability","",""
"","0","test_chainId[Test for Polkadot People]","tests","2026-05-30","passed","2026-05-30","TestChainId","test_network_parameters","",""
"","134","test_rpc_node_is_synced[Test for XX network, url: wss://rpc.xx.network]","tests","2026-05-30","passed","2026-05-30","","test_substrate_node_is_synced","",""
"","0","test_can_create_connection[Test for Kusama Bridge Hub, url: wss://ksm-rpc.stakeworld.io/bridgehub]","tests","2026-05-30","passed","2026-05-30","","test_nodes_availability","",""
"","0","test_can_create_connection[Test for Polkadot People, url: wss://polkadot-people-rpc.polkadot.io]","tests","2026-05-30","passed","2026-05-30","","test_nodes_availability","",""
"","26","test_rpc_node_is_synced[Test for Kusama Coretime, url: wss://sys.ibp.network/coretime-kusama]","tests","2026-05-30","passed","2026-05-30","","test_substrate_node_is_synced","",""
"","0","test_can_create_connection[Test for Heima, url: wss://heima-rpc.n.dwellir.com]","tests","2026-05-30","passed","2026-05-30","","test_nodes_availability","",""
"","0","test_can_create_connection[Test for Kusama Relay, url: wss://rpc.ibp.network/kusama]","tests","2026-05-30","passed","2026-05-30","","test_nodes_availability","",""
"","0","test_can_create_connection[Test for Joystream, url: wss://rpc.joystream.org]","tests","2026-05-30","passed","2026-05-30","","test_nodes_availability","",""
"","0","test_can_create_connection[Test for Tangle, url: wss://rpc.tangle.tools]","tests","2026-05-30","broken","2026-05-30","","test_nodes_availability","",""
"","7","test_has_new_assets[Test for Astar]","tests","2026-05-30","passed","2026-05-30","TestAssets","test_check_new_assets","",""
"","149","test_rpc_node_is_synced[Test for Acala, url: wss://acala-rpc-3.aca-api.network/ws]","tests","2026-05-30","passed","2026-05-30","","test_substrate_node_is_synced","",""
"","0","test_can_create_connection[Test for Kusama Coretime, url: wss://ksm-rpc.stakeworld.io/coretime]","tests","2026-05-30","passed","2026-05-30","","test_nodes_availability","",""
"","1","test_precision[Test for Aleph Zero]","tests","2026-05-30","passed","2026-05-30","TestPrecision","test_network_parameters","",""
"","0","test_address_prefix[Test for Karura]","tests","2026-05-30","passed","2026-05-30","TestNetworkPrefix","test_network_parameters","",""
"","89","test_rpc_method_is_available[Test for Encointer, url: wss://sys.ibp.network/encointer-kusama]","tests","2026-05-30","passed","2026-05-30","","test_rpc_methods_availability","",""
"","0","test_can_create_connection[Test for Kusama Relay, url: wss://kusama.dotters.network]","tests","2026-05-30","passed","2026-05-30","","test_nodes_availability","",""
"","0","test_precision[Test for QUARTZ]","tests","2026-05-30","broken","2026-05-30","TestPrecision","test_network_parameters","",""
"","90","test_rpc_method_is_available[Test for DeepBrain, url: wss://info.dbcwallet.io]","tests","2026-05-30","passed","2026-05-30","","test_rpc_methods_availability","",""
"","279","test_rpc_node_is_synced[Test for Polkadot Relay, url: wss://polkadot.public.curie.radiumblock.co/ws]","tests","2026-05-30","passed","2026-05-30","","test_substrate_node_is_synced","",""
"","0","test_can_create_connection[Test for Ajuna, url: wss://rpc-para.ajuna.network]","tests","2026-05-30","passed","2026-05-30","","test_nodes_availability","",""
"","96","test_rpc_node_is_synced[Test for Ethereum, url: https://ethereum-rpc.publicnode.com]","tests","2026-05-30","broken","2026-05-30","TestETHNodesAvailability","test_eth_nodes_availability","",""
"","11","test_has_new_assets[Test for Kusama Asset Hub]","tests","2026-05-30","passed","2026-05-30","TestAssets","test_check_new_assets","",""
"","24","test_rpc_node_is_synced[Test for Encointer, url: wss://sys.ibp.network/encointer-kusama]","tests","2026-05-30","passed","2026-05-30","","test_substrate_node_is_synced","",""
"","0","test_address_prefix[Test for DAO IPCI]","tests","2026-05-30","broken","2026-05-30","TestNetworkPrefix","test_network_parameters","",""
"","101","test_rpc_method_is_available[Test for Crust Shadow, url: wss://rpc-sha-subscan.crustnetwork.xyz]","tests","2026-05-30","passed","2026-05-30","","test_rpc_methods_availability","",""
"","90","test_rpc_method_is_available[Test for Avail, url: wss://avail.api.onfinality.io/public-ws]","tests","2026-05-30","passed","2026-05-30","","test_rpc_methods_availability","",""
"","0","test_precision[Test for Ajuna]","tests","2026-05-30","passed","2026-05-30","TestPrecision","test_network_parameters","",""
"","8","test_has_new_assets[Test for Bittensor]","tests","2026-05-30","passed","2026-05-30","TestAssets","test_check_new_assets","",""
"","97","test_rpc_method_is_available[Test for Kusama Relay, url: wss://apps-kusama-rpc.polkadot.io]","tests","2026-05-30","passed","2026-05-30","","test_rpc_methods_availability","",""
"","0","test_rpc_node_is_synced[Test for Kusama Relay, url: wss://1rpc.io/ksm]","tests","2026-05-30","broken","2026-05-30","","test_substrate_node_is_synced","",""
"","0","test_chainId[Test for Kreivo]","tests","2026-05-30","passed","2026-05-30","TestChainId","test_network_parameters","",""
"","24","test_rpc_node_is_synced[Test for Kusama Asset Hub, url: wss://asset-hub-kusama.dotters.network]","tests","2026-05-30","passed","2026-05-30","","test_substrate_node_is_synced","",""
"","0","test_can_create_connection[Test for Polkadot Collectives, url: wss://collectives-polkadot.dotters.network]","tests","2026-05-30","passed","2026-05-30","","test_nodes_availability","",""
"","0","test_precision[Test for Kusama People]","tests","2026-05-30","passed","2026-05-30","TestPrecision","test_network_parameters","",""
"","40","test_rpc_node_is_synced[Test for Polkadot Asset Hub, url: wss://sys.ibp.network/asset-hub-polkadot]","tests","2026-05-30","passed","2026-05-30","","test_substrate_node_is_synced","",""
"","0","test_precision[Test for Hyperbridge Nexus]","tests","2026-05-30","broken","2026-05-30","TestPrecision","test_network_parameters","",""
"","0","test_address_prefix[Test for QUARTZ]","tests","2026-05-30","broken","2026-05-30","TestNetworkPrefix","test_network_parameters","",""
"","0","test_rpc_method_is_available[Test for 3DPass, url: wss://rpc.3dpass.org]","tests","2026-05-30","broken","2026-05-30","","test_rpc_methods_availability","",""
"","609","test_rpc_node_is_synced[Test for Acurast Canary, url: wss://public-rpc.canary.acurast.com]","tests","2026-05-30","passed","2026-05-30","","test_substrate_node_is_synced","",""
"","0","test_chainId[Test for Frequency]","tests","2026-05-30","passed","2026-05-30","TestChainId","test_network_parameters","",""
"","7","test_has_new_assets[Test for DENTNet]","tests","2026-05-30","passed","2026-05-30","TestAssets","test_check_new_assets","",""
"","555","test_subquery_is_synced","tests","2026-05-30","broken","2026-05-30","","test_subquery_is_synced","",""
"","110","test_rpc_node_is_synced[Test for Creditcoin, url: wss://mainnet3.creditcoin.network]","tests","2026-05-30","passed","2026-05-30","","test_substrate_node_is_synced","",""
"","118","test_rpc_node_is_synced[Test for Polkadot People, url: wss://polkadot-people-rpc.polkadot.io]","tests","2026-05-30","passed","2026-05-30","","test_substrate_node_is_synced","",""
"","0","test_address_prefix[Test for JAMTON]","tests","2026-05-30","passed","2026-05-30","TestNetworkPrefix","test_network_parameters","",""
"","128","test_rpc_node_is_synced[Test for Vara, url: wss://rpc.vara-network.io]","tests","2026-05-30","passed","2026-05-30","","test_substrate_node_is_synced","",""
"","147","test_rpc_method_is_available[Test for Polkadot Relay, url: wss://polkadot.dotters.network]","tests","2026-05-30","passed","2026-05-30","","test_rpc_methods_availability","",""
"","0","test_can_create_connection[Test for Moonriver, url: wss://moonriver.public.curie.radiumblock.co/ws]","tests","2026-05-30","broken","2026-05-30","","test_nodes_availability","",""
"","0","test_can_create_connection[Test for Acala, url: wss://acala-rpc-3.aca-api.network/ws]","tests","2026-05-30","passed","2026-05-30","","test_nodes_availability","",""
"","1","test_precision[Test for Ternoa]","tests","2026-05-30","passed","2026-05-30","TestPrecision","test_network_parameters","",""
"","0","test_can_create_connection[Test for Kusama Relay, url: wss://rpc-kusama-2.novasama-tech.org]","tests","2026-05-30","passed","2026-05-30","","test_nodes_availability","",""
"","1","test_precision[Test for Acurast]","tests","2026-05-30","passed","2026-05-30","TestPrecision","test_network_parameters","",""
"","7","test_has_new_assets[Test for Humanode]","tests","2026-05-30","passed","2026-05-30","TestAssets","test_check_new_assets","",""
"","0","test_can_create_connection[Test for Kusama Coretime, url: wss://rpc-coretime-kusama.luckyfriday.io]","tests","2026-05-30","passed","2026-05-30","","test_nodes_availability","",""
"","201","test_rpc_method_is_available[Test for Kusama Relay, url: wss://rpc-kusama-2.novasama-tech.org]","tests","2026-05-30","passed","2026-05-30","","test_rpc_methods_availability","",""
"","0","test_can_create_connection[Test for UNIQUE, url: wss://eu-ws.unique.network/]","tests","2026-05-30","passed","2026-05-30","","test_nodes_availability","",""
"","8","test_has_new_assets[Test for Kusama Bridge Hub]","tests","2026-05-30","passed","2026-05-30","TestAssets","test_check_new_assets","",""
"","0","test_precision[Test for Astar]","tests","2026-05-30","passed","2026-05-30","TestPrecision","test_network_parameters","",""
"","93","test_rpc_method_is_available[Test for GIANT, url: wss://rpc-anchor-1-mainnet-az-ue1.giantprotocol.org:443]","tests","2026-05-30","passed","2026-05-30","","test_rpc_methods_availability","",""
"","134","test_rpc_node_is_synced[Test for Polkadot Collectives, url: wss://dot-rpc.stakeworld.io/collectives]","tests","2026-05-30","passed","2026-05-30","","test_substrate_node_is_synced","",""
"","25","test_rpc_node_is_synced[Test for Hydration, url: wss://hydration.dotters.network]","tests","2026-05-30","passed","2026-05-30","","test_substrate_node_is_synced","",""
"","0","test_precision[Test for Laos]","tests","2026-05-30","broken","2026-05-30","TestPrecision","test_network_parameters","",""
"","1","test_precision[Test for Aventus]","tests","2026-05-30","passed","2026-05-30","TestPrecision","test_network_parameters","",""
"","1","test_can_create_connection[Test for Mythos, url: wss://mythos-rpc.dmarket.com]","tests","2026-05-30","passed","2026-05-30","","test_nodes_availability","",""
"","0","test_can_create_connection[Test for Enjin Matrix, url: wss://rpc.matrix.blockchain.enjin.io]","tests","2026-05-30","passed","2026-05-30","","test_nodes_availability","",""
"","27","test_rpc_node_is_synced[Test for Kusama Relay, url: wss://kusama.dotters.network]","tests","2026-05-30","passed","2026-05-30","","test_substrate_node_is_synced","",""
"","0","test_rpc_method_is_available[Test for UNIQUE, url: wss://unique.dotters.network]","tests","2026-05-30","broken","2026-05-30","","test_rpc_methods_availability","",""
"","0","test_has_new_assets[Test for Hyperbridge Nexus]","tests","2026-05-30","broken","2026-05-30","TestAssets","test_check_new_assets","",""
"","125","test_rpc_node_is_synced[Test for Acurast, url: wss://public-archive.mainnet.acurast.com]","tests","2026-05-30","passed","2026-05-30","","test_substrate_node_is_synced","",""
"","8","test_has_new_assets[Test for Pendulum]","tests","2026-05-30","passed","2026-05-30","TestAssets","test_check_new_assets","",""
"","94","test_rpc_method_is_available[Test for Polkadot Coretime, url: wss://sys.ibp.network/coretime-polkadot]","tests","2026-05-30","passed","2026-05-30","","test_rpc_methods_availability","",""
"","0","test_rpc_method_is_available[Test for Tangle, url: wss://rpc.tangle.tools]","tests","2026-05-30","broken","2026-05-30","","test_rpc_methods_availability","",""
"","0","test_rpc_node_is_synced[Test for Hyperbridge Nexus, url: wss://nexus.dotters.network]","tests","2026-05-30","broken","2026-05-30","","test_substrate_node_is_synced","",""
"","8","test_has_new_assets[Test for Acurast Canary]","tests","2026-05-30","passed","2026-05-30","TestAssets","test_check_new_assets","",""
"","0","test_address_prefix[Test for Humanode]","tests","2026-05-30","passed","2026-05-30","TestNetworkPrefix","test_network_parameters","",""
"","93","test_rpc_method_is_available[Test for Kusama Relay, url: wss://kusama.dotters.network]","tests","2026-05-30","passed","2026-05-30","","test_rpc_methods_availability","",""
"","169","test_rpc_node_is_synced[Test for DeepBrain, url: wss://info.dbcwallet.io]","tests","2026-05-30","passed","2026-05-30","","test_substrate_node_is_synced","",""
"","0","test_address_prefix[Test for Westend (TESTNET)]","tests","2026-05-30","passed","2026-05-30","TestNetworkPrefix","test_network_parameters","",""
"","0","test_chainId[Test for Darwinia]","tests","2026-05-30","passed","2026-05-30","TestChainId","test_network_parameters","",""
"","7","test_has_new_assets[Test for Vara]","tests","2026-05-30","passed","2026-05-30","TestAssets","test_check_new_assets","",""
"","0","test_address_prefix[Test for Hydration]","tests","2026-05-30","passed","2026-05-30","TestNetworkPrefix","test_network_parameters","",""
"","0","test_address_prefix[Test for Basilisk]","tests","2026-05-30","passed","2026-05-30","TestNetworkPrefix","test_network_parameters","",""
"","141","test_rpc_method_is_available[Test for Polkadot People, url: wss://sys.ibp.network/people-polkadot]","tests","2026-05-30","passed","2026-05-30","","test_rpc_methods_availability","",""
"","93","test_rpc_method_is_available[Test for Mythos, url: wss://mythos-rpc.dmarket.com]","tests","2026-05-30","passed","2026-05-30","","test_rpc_methods_availability","",""
"","0","test_chainId[Test for Crab]","tests","2026-05-30","broken","2026-05-30","TestChainId","test_network_parameters","",""
"","0","test_can_create_connection[Test for QUARTZ, url: wss://us-ws-quartz.unique.network]","tests","2026-05-30","broken","2026-05-30","","test_nodes_availability","",""
"","0","test_precision[Test for Creditcoin]","tests","2026-05-30","passed","2026-05-30","TestPrecision","test_network_parameters","",""
"","93","test_rpc_method_is_available[Test for Kintsugi, url: wss://api-kusama.interlay.io/parachain]","tests","2026-05-30","passed","2026-05-30","","test_rpc_methods_availability","",""
"","0","test_chainId[Test for Hyperbridge Nexus]","tests","2026-05-30","broken","2026-05-30","TestChainId","test_network_parameters","",""
"","0","test_rpc_node_is_synced[Test for QUARTZ, url: wss://us-ws-quartz.unique.network]","tests","2026-05-30","broken","2026-05-30","","test_substrate_node_is_synced","",""
"","121","test_rpc_node_is_synced[Test for Kusama Coretime, url: wss://ksm-rpc.stakeworld.io/coretime]","tests","2026-05-30","passed","2026-05-30","","test_substrate_node_is_synced","",""
"","97","test_rpc_method_is_available[Test for Kusama Coretime, url: wss://ksm-rpc.stakeworld.io/coretime]","tests","2026-05-30","passed","2026-05-30","","test_rpc_methods_availability","",""
"","7","test_has_new_assets[Test for UNIQUE]","tests","2026-05-30","passed","2026-05-30","TestAssets","test_check_new_assets","",""
"","0","test_rpc_node_is_synced[Test for Nodle Parachain, url: wss://nodle-parachain.api.onfinality.io/public-ws]","tests","2026-05-30","broken","2026-05-30","","test_substrate_node_is_synced","",""
"","0","test_rpc_node_is_synced[Test for Moonbeam, url: wss://moonbeam.public.curie.radiumblock.co/ws]","tests","2026-05-30","broken","2026-05-30","","test_substrate_node_is_synced","",""
"","1","test_chainId[Test for Hydration]","tests","2026-05-30","passed","2026-05-30","TestChainId","test_network_parameters","",""
"","0","test_address_prefix[Test for NeuroWeb]","tests","2026-05-30","passed","2026-05-30","TestNetworkPrefix","test_network_parameters","",""
"","0","test_address_prefix[Test for Shiden]","tests","2026-05-30","passed","2026-05-30","TestNetworkPrefix","test_network_parameters","",""
"","0","test_can_create_connection[Test for Frequency, url: wss://1.rpc.frequency.xyz]","tests","2026-05-30","passed","2026-05-30","","test_nodes_availability","",""
"","0","test_chainId[Test for Laos]","tests","2026-05-30","broken","2026-05-30","TestChainId","test_network_parameters","",""
"","94","test_rpc_method_is_available[Test for Kusama People, url: wss://ksm-rpc.stakeworld.io/people]","tests","2026-05-30","passed","2026-05-30","","test_rpc_methods_availability","",""
"","0","test_address_prefix[Test for Enjin Matrix]","tests","2026-05-30","passed","2026-05-30","TestNetworkPrefix","test_network_parameters","",""
"","99","test_rpc_method_is_available[Test for Kusama Relay, url: wss://1rpc.io/ksm]","tests","2026-05-30","passed","2026-05-30","","test_rpc_methods_availability","",""
"","0","test_address_prefix[Test for Acurast]","tests","2026-05-30","passed","2026-05-30","TestNetworkPrefix","test_network_parameters","",""
"","0","test_rpc_node_is_synced[Test for Phala, url: wss://phala-rpc.n.dwellir.com]","tests","2026-05-30","broken","2026-05-30","","test_substrate_node_is_synced","",""
"","140","test_rpc_node_is_synced[Test for Kusama People, url: wss://kusama-people-rpc.polkadot.io]","tests","2026-05-30","passed","2026-05-30","","test_substrate_node_is_synced","",""
"","165","test_rpc_node_is_synced[Test for JAMTON, url: wss://rpc.jamton.network]","tests","2026-05-30","passed","2026-05-30","","test_substrate_node_is_synced","",""
"","1","test_can_create_connection[Test for Karura, url: wss://karura-rpc-3.aca-api.network/ws]","tests","2026-05-30","passed","2026-05-30","","test_nodes_availability","",""
"","106","test_rpc_method_is_available[Test for Polkadot Bridge Hub, url: wss://bridge-hub-polkadot.dotters.network]","tests","2026-05-30","passed","2026-05-30","","test_rpc_methods_availability","",""
"","31","test_rpc_node_is_synced[Test for 3DPass, url: wss://rpc.p3d.top]","tests","2026-05-30","passed","2026-05-30","","test_substrate_node_is_synced","",""
"","0","test_rpc_method_is_available[Test for Acala, url: wss://acala-rpc.n.dwellir.com]","tests","2026-05-30","broken","2026-05-30","","test_rpc_methods_availability","",""
"","0","test_has_new_assets[Test for Crab]","tests","2026-05-30","broken","2026-05-30","TestAssets","test_check_new_assets","",""
"","7","test_has_new_assets[Test for Moonbeam]","tests","2026-05-30","passed","2026-05-30","TestAssets","test_check_new_assets","",""
"","1","test_chainId[Test for Bifrost Kusama]","tests","2026-05-30","passed","2026-05-30","TestChainId","test_network_parameters","",""
"","90","test_rpc_method_is_available[Test for Polkadot Asset Hub, url: wss://asset-hub-polkadot.dotters.network]","tests","2026-05-30","passed","2026-05-30","","test_rpc_methods_availability","",""
"","0","test_chainId[Test for Polkadot Relay]","tests","2026-05-30","passed","2026-05-30","TestChainId","test_network_parameters","",""
"","0","test_chainId[Test for Manta Atlantic]","tests","2026-05-30","passed","2026-05-30","TestChainId","test_network_parameters","",""
"","0","test_can_create_connection[Test for GIANT, url: wss://rpc-anchor-2-mainnet-az-ue1.giantprotocol.org:443]","tests","2026-05-30","passed","2026-05-30","","test_nodes_availability","",""
"","141","test_rpc_method_is_available[Test for Polkadot Collectives, url: wss://collectives.public.curie.radiumblock.co/ws]","tests","2026-05-30","passed","2026-05-30","","test_rpc_methods_availability","",""
"","92","test_rpc_method_is_available[Test for UNIQUE, url: wss://asia-ws.unique.network/]","tests","2026-05-30","passed","2026-05-30","","test_rpc_methods_availability","",""
"","0","test_chainId[Test for Polymesh]","tests","2026-05-30","passed","2026-05-30","TestChainId","test_network_parameters","",""
"","0","test_chainId[Test for Enjin Relay]","tests","2026-05-30","passed","2026-05-30","TestChainId","test_network_parameters","",""
"","9","test_has_new_assets[Test for Polkadot Collectives]","tests","2026-05-30","passed","2026-05-30","TestAssets","test_check_new_assets","",""
"","0","test_can_create_connection[Test for Kusama People, url: wss://sys.ibp.network/people-kusama]","tests","2026-05-30","passed","2026-05-30","","test_nodes_availability","",""
"","1","test_can_create_connection[Test for Polkadot People, url: wss://sys.ibp.network/people-polkadot]","tests","2026-05-30","passed","2026-05-30","","test_nodes_availability","",""
"","0","test_can_create_connection[Test for Energy Web X, url: wss://public-rpc.mainnet.energywebx.com/]","tests","2026-05-30","passed","2026-05-30","","test_nodes_availability","",""
"","0","test_precision[Test for Nodle Parachain]","tests","2026-05-30","broken","2026-05-30","TestPrecision","test_network_parameters","",""
"","0","test_rpc_node_is_synced[Test for Moonbeam, url: wss://moonbeam.dotters.network]","tests","2026-05-30","broken","2026-05-30","","test_substrate_node_is_synced","",""
"","0","test_can_create_connection[Test for Aventus, url: wss://public-rpc.mainnet.aventus.io]","tests","2026-05-30","passed","2026-05-30","","test_nodes_availability","",""
"","0","test_address_prefix[Test for Phala]","tests","2026-05-30","broken","2026-05-30","TestNetworkPrefix","test_network_parameters","",""
"","0","test_address_prefix[Test for Bifrost Polkadot]","tests","2026-05-30","passed","2026-05-30","TestNetworkPrefix","test_network_parameters","",""
"","0","test_has_new_assets[Test for Laos]","tests","2026-05-30","broken","2026-05-30","TestAssets","test_check_new_assets","",""
"","117","test_has_new_assets[Test for Altair]","tests","2026-05-30","passed","2026-05-30","TestAssets","test_check_new_assets","",""
"","0","test_rpc_method_is_available[Test for Phala, url: wss://phala.public.curie.radiumblock.co/ws]","tests","2026-05-30","broken","2026-05-30","","test_rpc_methods_availability","",""
"","0","test_rpc_node_is_synced[Test for Ajuna, url: wss://ajuna.ibp.network]","tests","2026-05-30","broken","2026-05-30","","test_substrate_node_is_synced","",""
"","94","test_rpc_method_is_available[Test for Polkadot Asset Hub, url: wss://rpc-assethub.novasama-tech.org]","tests","2026-05-30","passed","2026-05-30","","test_rpc_methods_availability","",""
"","0","test_can_create_connection[Test for Polkadex, url: wss://polkadex.public.curie.radiumblock.co/ws]","tests","2026-05-30","broken","2026-05-30","","test_nodes_availability","",""
"","115","test_rpc_node_is_synced[Test for Astar, url: wss://rpc.astar.network]","tests","2026-05-30","passed","2026-05-30","","test_substrate_node_is_synced","",""
"","0","test_can_create_connection[Test for Laos, url: wss://rpc.laos.laosfoundation.io]","tests","2026-05-30","broken","2026-05-30","","test_nodes_availability","",""
"","132","test_rpc_node_is_synced[Test for Karura, url: wss://karura-rpc.n.dwellir.com]","tests","2026-05-30","passed","2026-05-30","","test_substrate_node_is_synced","",""
"","0","test_can_create_connection[Test for Darwinia, url: wss://rpc.darwinia.network]","tests","2026-05-30","passed","2026-05-30","","test_nodes_availability","",""
"","143","test_has_new_assets[Test for Polkadot Relay]","tests","2026-05-30","passed","2026-05-30","TestAssets","test_check_new_assets","",""
"","0","test_can_create_connection[Test for Hydration, url: wss://hydration.dotters.network]","tests","2026-05-30","passed","2026-05-30","","test_nodes_availability","",""
"","0","test_chainId[Test for Moonriver]","tests","2026-05-30","passed","2026-05-30","TestChainId","test_network_parameters","",""
"","0","test_precision[Test for Amplitude]","tests","2026-05-30","broken","2026-05-30","TestPrecision","test_network_parameters","",""
"","0","test_precision[Test for Tangle]","tests","2026-05-30","broken","2026-05-30","TestPrecision","test_network_parameters","",""
"","94","test_rpc_method_is_available[Test for Hydration, url: wss://hydration.ibp.network]","tests","2026-05-30","passed","2026-05-30","","test_rpc_methods_availability","",""
"","0","test_chainId[Test for Ajuna]","tests","2026-05-30","passed","2026-05-30","TestChainId","test_network_parameters","",""
"","159","test_rpc_method_is_available[Test for Vara, url: wss://rpc.vara-network.io]","tests","2026-05-30","passed","2026-05-30","","test_rpc_methods_availability","",""
"","0","test_can_create_connection[Test for Ajuna, url: wss://ajuna.ibp.network]","tests","2026-05-30","broken","2026-05-30","","test_nodes_availability","",""
"","0","test_chainId[Test for krest]","tests","2026-05-30","passed","2026-05-30","TestChainId","test_network_parameters","",""
"","7","test_has_new_assets[Test for Zeitgeist]","tests","2026-05-30","passed","2026-05-30","TestAssets","test_check_new_assets","",""
"","0","test_can_create_connection[Test for Bittensor, url: wss://bittensor-finney.api.onfinality.io/public-ws]","tests","2026-05-30","passed","2026-05-30","","test_nodes_availability","",""
"","0","test_chainId[Test for Altair]","tests","2026-05-30","passed","2026-05-30","TestChainId","test_network_parameters","",""
"","24","test_rpc_node_is_synced[Test for Polkadot Coretime, url: wss://coretime-polkadot.dotters.network]","tests","2026-05-30","passed","2026-05-30","","test_substrate_node_is_synced","",""
"","7","test_has_new_assets[Test for Encointer]","tests","2026-05-30","passed","2026-05-30","TestAssets","test_check_new_assets","",""
"","127","test_rpc_node_is_synced[Test for Polkadot Asset Hub, url: wss://asset-hub-polkadot-rpc.n.dwellir.com]","tests","2026-05-30","passed","2026-05-30","","test_substrate_node_is_synced","",""
"","24","test_rpc_node_is_synced[Test for Pendulum, url: wss://rpc-pendulum.prd.pendulumchain.tech]","tests","2026-05-30","passed","2026-05-30","","test_substrate_node_is_synced","",""
"","219","test_rpc_node_is_synced[Test for Hydration, url: wss://rpc.hydradx.cloud]","tests","2026-05-30","passed","2026-05-30","","test_substrate_node_is_synced","",""
"","0","test_precision[Test for Polkadex]","tests","2026-05-30","passed","2026-05-30","TestPrecision","test_network_parameters","",""
"","0","test_address_prefix[Test for Energy Web X]","tests","2026-05-30","passed","2026-05-30","TestNetworkPrefix","test_network_parameters","",""
"","0","test_chainId[Test for Zeitgeist]","tests","2026-05-30","passed","2026-05-30","TestChainId","test_network_parameters","",""
"","0","test_precision[Test for Mythos]","tests","2026-05-30","passed","2026-05-30","TestPrecision","test_network_parameters","",""
"","27","test_rpc_node_is_synced[Test for Polkadot Collectives, url: wss://sys.ibp.network/collectives-polkadot]","tests","2026-05-30","passed","2026-05-30","","test_substrate_node_is_synced","",""
"","0","test_can_create_connection[Test for Pendulum, url: wss://rpc-pendulum.prd.pendulumchain.tech]","tests","2026-05-30","passed","2026-05-30","","test_nodes_availability","",""
"","0","test_can_create_connection[Test for Bifrost Polkadot, url: wss://hk.p.bifrost-rpc.liebi.com/ws]","tests","2026-05-30","passed","2026-05-30","","test_nodes_availability","",""
"","0","test_chainId[Test for QUARTZ]","tests","2026-05-30","broken","2026-05-30","TestChainId","test_network_parameters","",""
"","0","test_address_prefix[Test for Nodle Parachain]","tests","2026-05-30","broken","2026-05-30","TestNetworkPrefix","test_network_parameters","",""
"","94","test_rpc_method_is_available[Test for Aventus, url: wss://public-rpc.mainnet.aventus.io]","tests","2026-05-30","passed","2026-05-30","","test_rpc_methods_availability","",""
"","0","test_precision[Test for Altair]","tests","2026-05-30","passed","2026-05-30","TestPrecision","test_network_parameters","",""
"","1","test_can_create_connection[Test for Enjin Relay, url: wss://rpc.relay.blockchain.enjin.io]","tests","2026-05-30","passed","2026-05-30","","test_nodes_availability","",""
"","93","test_rpc_method_is_available[Test for Hydration, url: wss://hydration.dotters.network]","tests","2026-05-30","passed","2026-05-30","","test_rpc_methods_availability","",""
"","95","test_rpc_method_is_available[Test for Cere, url: wss://rpc.mainnet.cere.network/ws]","tests","2026-05-30","passed","2026-05-30","","test_rpc_methods_availability","",""
"","31","test_rpc_node_is_synced[Test for Interlay, url: wss://rpc-interlay.luckyfriday.io/]","tests","2026-05-30","passed","2026-05-30","","test_substrate_node_is_synced","",""
"","0","test_can_create_connection[Test for Polkadot Relay, url: wss://polkadot.dotters.network]","tests","2026-05-30","passed","2026-05-30","","test_nodes_availability","",""
"","9","test_has_new_assets[Test for krest]","tests","2026-05-30","passed","2026-05-30","TestAssets","test_check_new_assets","",""
"","1","test_can_create_connection[Test for Acala, url: wss://acala-rpc-0.aca-api.network]","tests","2026-05-30","passed","2026-05-30","","test_nodes_availability","",""
"","167","test_rpc_method_is_available[Test for Polkadot Relay, url: wss://apps-rpc.polkadot.io]","tests","2026-05-30","passed","2026-05-30","","test_rpc_methods_availability","",""
"","0","test_chainId[Test for Karura]","tests","2026-05-30","passed","2026-05-30","TestChainId","test_network_parameters","",""
"","0","test_rpc_method_is_available[Test for Curio, url: wss://parachain.curioinvest.com/]","tests","2026-05-30","broken","2026-05-30","","test_rpc_methods_availability","",""
"","56","test_rpc_node_is_synced[Test for Aleph Zero, url: wss://ws.azero.dev]","tests","2026-05-30","passed","2026-05-30","","test_substrate_node_is_synced","",""
"","0","test_address_prefix[Test for Laos]","tests","2026-05-30","broken","2026-05-30","TestNetworkPrefix","test_network_parameters","",""
"","26","test_has_new_assets[Test for Acala]","tests","2026-05-30","passed","2026-05-30","TestAssets","test_check_new_assets","",""
"","0","test_chainId[Test for Aventus]","tests","2026-05-30","passed","2026-05-30","TestChainId","test_network_parameters","",""
"","99","test_rpc_method_is_available[Test for Kusama Bridge Hub, url: wss://ksm-rpc.stakeworld.io/bridgehub]","tests","2026-05-30","passed","2026-05-30","","test_rpc_methods_availability","",""
"","0","test_rpc_method_is_available[Test for QUARTZ, url: wss://quartz.unique.network]","tests","2026-05-30","broken","2026-05-30","","test_rpc_methods_availability","",""
"","0","test_address_prefix[Test for Hyperbridge Nexus]","tests","2026-05-30","broken","2026-05-30","TestNetworkPrefix","test_network_parameters","",""
"","0","test_can_create_connection[Test for Shiden, url: wss://shiden.public.curie.radiumblock.co/ws]","tests","2026-05-30","passed","2026-05-30","","test_nodes_availability","",""
"","0","test_can_create_connection[Test for Bifrost Kusama, url: wss://bifrost-rpc.liebi.com/ws]","tests","2026-05-30","passed","2026-05-30","","test_nodes_availability","",""
"","94","test_rpc_node_is_synced[Test for Karura, url: wss://karura-rpc-2.aca-api.network/ws]","tests","2026-05-30","passed","2026-05-30","","test_substrate_node_is_synced","",""
"","0","test_precision[Test for Acala]","tests","2026-05-30","passed","2026-05-30","TestPrecision","test_network_parameters","",""
"","1","test_can_create_connection[Test for Kusama Asset Hub, url: wss://asset-hub-kusama.dotters.network]","tests","2026-05-30","passed","2026-05-30","","test_nodes_availability","",""
"","0","test_precision[Test for Karura]","tests","2026-05-30","passed","2026-05-30","TestPrecision","test_network_parameters","",""
"","121","test_rpc_node_is_synced[Test for Centrifuge Parachain, url: wss://fullnode.centrifuge.io]","tests","2026-05-30","passed","2026-05-30","","test_substrate_node_is_synced","",""
"","90","test_rpc_method_is_available[Test for Polkadot Asset Hub, url: wss://sys.ibp.network/asset-hub-polkadot]","tests","2026-05-30","passed","2026-05-30","","test_rpc_methods_availability","",""
"","127","test_rpc_node_is_synced[Test for Energy Web X, url: wss://public-rpc.mainnet.energywebx.com/]","tests","2026-05-30","passed","2026-05-30","","test_substrate_node_is_synced","",""
"","0","test_chainId[Test for 3DPass]","tests","2026-05-30","passed","2026-05-30","TestChainId","test_network_parameters","",""
"","0","test_can_create_connection[Test for Polkadot Bridge Hub, url: wss://dot-rpc.stakeworld.io/bridgehub]","tests","2026-05-30","passed","2026-05-30","","test_nodes_availability","",""
"","97","test_rpc_method_is_available[Test for Westend (TESTNET), url: wss://westend.public.curie.radiumblock.co/ws]","tests","2026-05-30","passed","2026-05-30","","test_rpc_methods_availability","",""
"","29","test_rpc_node_is_synced[Test for Centrifuge Parachain, url: wss://rpc-centrifuge.luckyfriday.io]","tests","2026-05-30","passed","2026-05-30","","test_substrate_node_is_synced","",""
"","1","test_can_create_connection[Test for Polkadot Collectives, url: wss://sys.ibp.network/collectives-polkadot]","tests","2026-05-30","passed","2026-05-30","","test_nodes_availability","",""
"","0","test_can_create_connection[Test for Polkadot People, url: wss://rpc-people-polkadot.luckyfriday.io]","tests","2026-05-30","passed","2026-05-30","","test_nodes_availability","",""
"","0","test_rpc_node_is_synced[Test for Hyperbridge Nexus, url: wss://nexus.ibp.network]","tests","2026-05-30","broken","2026-05-30","","test_substrate_node_is_synced","",""
"","161","test_rpc_method_is_available[Test for Kusama Bridge Hub, url: wss://sys.ibp.network/bridgehub-kusama]","tests","2026-05-30","passed","2026-05-30","","test_rpc_methods_availability","",""
"","62","test_has_new_assets[Test for Karura]","tests","2026-05-30","passed","2026-05-30","TestAssets","test_check_new_assets","",""
"","0","test_address_prefix[Test for Interlay]","tests","2026-05-30","passed","2026-05-30","TestNetworkPrefix","test_network_parameters","",""
"","0","test_can_create_connection[Test for Polkadot Asset Hub, url: wss://asset-hub-polkadot.dotters.network]","tests","2026-05-30","passed","2026-05-30","","test_nodes_availability","",""
"","1","test_chainId[Test for Heima]","tests","2026-05-30","passed","2026-05-30","TestChainId","test_network_parameters","",""
"","0","test_precision[Test for Moonriver]","tests","2026-05-30","passed","2026-05-30","TestPrecision","test_network_parameters","",""
"","137","test_rpc_method_is_available[Test for Karura, url: wss://karura-rpc-2.aca-api.network/ws]","tests","2026-05-30","passed","2026-05-30","","test_rpc_methods_availability","",""
"","69","test_rpc_node_is_synced[Test for Crust Polkadot Parachain, url: wss://crust-parachain.crustapps.net]","tests","2026-05-30","passed","2026-05-30","","test_substrate_node_is_synced","",""
"","94","test_rpc_method_is_available[Test for Robonomics, url: wss://kusama.rpc.robonomics.network/]","tests","2026-05-30","passed","2026-05-30","","test_rpc_methods_availability","",""
"","0","test_chainId[Test for DENTNet]","tests","2026-05-30","passed","2026-05-30","TestChainId","test_network_parameters","",""
"","0","test_address_prefix[Test for Kusama Coretime]","tests","2026-05-30","passed","2026-05-30","TestNetworkPrefix","test_network_parameters","",""
"","24","test_rpc_node_is_synced[Test for Polkadot People, url: wss://people-polkadot.dotters.network]","tests","2026-05-30","passed","2026-05-30","","test_substrate_node_is_synced","",""
"","0","test_chainId[Test for GIANT]","tests","2026-05-30","passed","2026-05-30","TestChainId","test_network_parameters","",""
"","91","test_rpc_method_is_available[Test for Polkadot Relay, url: wss://rpc-polkadot.luckyfriday.io]","tests","2026-05-30","passed","2026-05-30","","test_rpc_methods_availability","",""
"","140","test_rpc_node_is_synced[Test for Polkadot People, url: wss://people-polkadot.public.curie.radiumblock.co/ws]","tests","2026-05-30","passed","2026-05-30","","test_substrate_node_is_synced","",""
"","0","test_can_create_connection[Test for Centrifuge Parachain, url: wss://fullnode.centrifuge.io]","tests","2026-05-30","passed","2026-05-30","","test_nodes_availability","",""
"","156","test_rpc_node_is_synced[Test for Kusama Relay, url: wss://rpc-kusama-1.novasama-tech.org]","tests","2026-05-30","passed","2026-05-30","","test_substrate_node_is_synced","",""
"","132","test_rpc_node_is_synced[Test for Shiden, url: wss://shiden-rpc.n.dwellir.com]","tests","2026-05-30","passed","2026-05-30","","test_substrate_node_is_synced","",""
"","0","test_can_create_connection[Test for Polkadot Collectives, url: wss://collectives.public.curie.radiumblock.co/ws]","tests","2026-05-30","passed","2026-05-30","","test_nodes_availability","",""
"","0","test_address_prefix[Test for GIANT]","tests","2026-05-30","passed","2026-05-30","TestNetworkPrefix","test_network_parameters","",""
"","99","test_rpc_method_is_available[Test for Polkadot Bridge Hub, url: wss://sys.ibp.network/bridgehub-polkadot]","tests","2026-05-30","passed","2026-05-30","","test_rpc_methods_availability","",""
"","0","test_address_prefix[Test for Curio]","tests","2026-05-30","broken","2026-05-30","TestNetworkPrefix","test_network_parameters","",""
"","160","test_rpc_node_is_synced[Test for Karura, url: wss://karura-rpc-1.aca-api.network]","tests","2026-05-30","passed","2026-05-30","","test_substrate_node_is_synced","",""
"","125","test_rpc_node_is_synced[Test for Bifrost Polkadot, url: wss://eu.bifrost-polkadot-rpc.liebi.com/ws]","tests","2026-05-30","passed","2026-05-30","","test_substrate_node_is_synced","",""
"","10","test_has_new_assets[Test for Enjin Matrix]","tests","2026-05-30","passed","2026-05-30","TestAssets","test_check_new_assets","",""
"","0","test_address_prefix[Test for Frequency]","tests","2026-05-30","passed","2026-05-30","TestNetworkPrefix","test_network_parameters","",""
"","138","test_rpc_method_is_available[Test for Darwinia, url: wss://rpc.darwinia.network]","tests","2026-05-30","passed","2026-05-30","","test_rpc_methods_availability","",""
"","0","test_chainId[Test for Kusama People]","tests","2026-05-30","passed","2026-05-30","TestChainId","test_network_parameters","",""
"","168","test_rpc_method_is_available[Test for Joystream, url: wss://rpc.joystream.org]","tests","2026-05-30","passed","2026-05-30","","test_rpc_methods_availability","",""
"","0","test_address_prefix[Test for Polkadot Relay]","tests","2026-05-30","passed","2026-05-30","TestNetworkPrefix","test_network_parameters","",""
"","91","test_rpc_method_is_available[Test for Polkadot Coretime, url: wss://coretime-polkadot.dotters.network]","tests","2026-05-30","passed","2026-05-30","","test_rpc_methods_availability","",""
"","110","test_rpc_node_is_synced[Test for CC Enterprise, url: wss://mainnet.creditcoin.network/ws]","tests","2026-05-30","passed","2026-05-30","","test_substrate_node_is_synced","",""
"","0","test_precision[Test for DeepBrain]","tests","2026-05-30","passed","2026-05-30","TestPrecision","test_network_parameters","",""
"","200","test_rpc_node_is_synced[Test for Manta Atlantic, url: wss://ws.manta.systems]","tests","2026-05-30","passed","2026-05-30","","test_substrate_node_is_synced","",""
"","0","test_can_create_connection[Test for Crust Shadow, url: wss://rpc-sha-subscan.crustnetwork.xyz]","tests","2026-05-30","passed","2026-05-30","","test_nodes_availability","",""
"","1","test_precision[Test for Energy Web X]","tests","2026-05-30","passed","2026-05-30","TestPrecision","test_network_parameters","",""
"","0","test_rpc_method_is_available[Test for DAO IPCI, url: wss://ipci.rpc.robonomics.network]","tests","2026-05-30","broken","2026-05-30","","test_rpc_methods_availability","",""
"","0","test_can_create_connection[Test for Karura, url: wss://karura-rpc.n.dwellir.com]","tests","2026-05-30","passed","2026-05-30","","test_nodes_availability","",""
"","29","test_rpc_node_is_synced[Test for Zeitgeist, url: wss://zeitgeist.api.onfinality.io/public-ws]","tests","2026-05-30","passed","2026-05-30","","test_substrate_node_is_synced","",""
"","0","test_can_create_connection[Test for Encointer, url: wss://api.kusama.encointer.org]","tests","2026-05-30","passed","2026-05-30","","test_nodes_availability","",""
"","0","test_rpc_method_is_available[Test for Hyperbridge Nexus, url: wss://nexus.ibp.network]","tests","2026-05-30","broken","2026-05-30","","test_rpc_methods_availability","",""
"","0","test_address_prefix[Test for Enjin Relay]","tests","2026-05-30","passed","2026-05-30","TestNetworkPrefix","test_network_parameters","",""
"","1","test_can_create_connection[Test for Basilisk, url: wss://basilisk-rpc.n.dwellir.com]","tests","2026-05-30","passed","2026-05-30","","test_nodes_availability","",""
"","122","test_rpc_method_is_available[Test for Ternoa, url: wss://mainnet.ternoa.network]","tests","2026-05-30","passed","2026-05-30","","test_rpc_methods_availability","",""
"","0","test_rpc_node_is_synced[Test for Bifrost Polkadot, url: wss://bifrost-polkadot.ibp.network]","tests","2026-05-30","broken","2026-05-30","","test_substrate_node_is_synced","",""
"","24","test_rpc_node_is_synced[Test for Kusama Coretime, url: wss://coretime-kusama.dotters.network]","tests","2026-05-30","passed","2026-05-30","","test_substrate_node_is_synced","",""
"","0","test_can_create_connection[Test for Aventus, url: wss://avn-parachain.mainnet.aventus.io]","tests","2026-05-30","passed","2026-05-30","","test_nodes_availability","",""
"","89","test_rpc_method_is_available[Test for DENTNet, url: wss://rpc.dentnet.io/ws]","tests","2026-05-30","passed","2026-05-30","","test_rpc_methods_availability","",""
"","0","test_precision[Test for Darwinia]","tests","2026-05-30","passed","2026-05-30","TestPrecision","test_network_parameters","",""
"","0","test_chainId[Test for CC Enterprise]","tests","2026-05-30","passed","2026-05-30","TestChainId","test_network_parameters","",""
"","100","test_rpc_method_is_available[Test for Crust Shadow, url: wss://rpc2-shadow.crust.network/]","tests","2026-05-30","passed","2026-05-30","","test_rpc_methods_availability","",""
"","0","test_can_create_connection[Test for Kusama People, url: wss://ksm-rpc.stakeworld.io/people]","tests","2026-05-30","passed","2026-05-30","","test_nodes_availability","",""
"","1","test_can_create_connection[Test for Polkadot People, url: wss://people-polkadot.public.curie.radiumblock.co/ws]","tests","2026-05-30","passed","2026-05-30","","test_nodes_availability","",""
"","32","test_rpc_node_is_synced[Test for krest, url: wss://krest.api.onfinality.io/public-ws']","tests","2026-05-30","passed","2026-05-30","","test_substrate_node_is_synced","",""
"","0","test_precision[Test for NeuroWeb]","tests","2026-05-30","passed","2026-05-30","TestPrecision","test_network_parameters","",""
"","0","test_can_create_connection[Test for Bifrost Kusama, url: wss://us.bifrost-rpc.liebi.com/ws]","tests","2026-05-30","passed","2026-05-30","","test_nodes_availability","",""
"","0","test_rpc_method_is_available[Test for Ajuna, url: wss://ajuna.ibp.network]","tests","2026-05-30","broken","2026-05-30","","test_rpc_methods_availability","",""
"","105","test_rpc_node_is_synced[Test for Aventus, url: wss://avn-parachain.mainnet.aventus.io]","tests","2026-05-30","passed","2026-05-30","","test_substrate_node_is_synced","",""
"","0","test_can_create_connection[Test for Ajuna, url: wss://ajuna.dotters.network]","tests","2026-05-30","broken","2026-05-30","","test_nodes_availability","",""
"","0","test_precision[Test for Bittensor]","tests","2026-05-30","passed","2026-05-30","TestPrecision","test_network_parameters","",""
"","1","test_can_create_connection[Test for Astar, url: wss://rpc.astar.network]","tests","2026-05-30","passed","2026-05-30","","test_nodes_availability","",""
"","36","test_rpc_node_is_synced[Test for Polkadot People, url: wss://rpc-people-polkadot.luckyfriday.io]","tests","2026-05-30","passed","2026-05-30","","test_substrate_node_is_synced","",""
"","97","test_rpc_method_is_available[Test for Kusama Coretime, url: wss://rpc-coretime-kusama.luckyfriday.io]","tests","2026-05-30","passed","2026-05-30","","test_rpc_methods_availability","",""
"","24","test_rpc_node_is_synced[Test for Frequency, url: wss://1.rpc.frequency.xyz]","tests","2026-05-30","passed","2026-05-30","","test_substrate_node_is_synced","",""
"","0","test_can_create_connection[Test for Polymesh, url: wss://mainnet-rpc.polymesh.network]","tests","2026-05-30","passed","2026-05-30","","test_nodes_availability","",""
"","0","test_rpc_node_is_synced[Test for Amplitude, url: wss://rpc-amplitude.pendulumchain.tech]","tests","2026-05-30","broken","2026-05-30","","test_substrate_node_is_synced","",""
"","0","test_rpc_method_is_available[Test for Curio, url: wss://archive.parachain.curioinvest.com]","tests","2026-05-30","broken","2026-05-30","","test_rpc_methods_availability","",""
"","0","test_rpc_method_is_available[Test for Laos, url: wss://rpc.laos.laosfoundation.io]","tests","2026-05-30","broken","2026-05-30","","test_rpc_methods_availability","",""
"","109","test_rpc_method_is_available[Test for Bifrost Polkadot, url: wss://eu.bifrost-polkadot-rpc.liebi.com/ws]","tests","2026-05-30","passed","2026-05-30","","test_rpc_methods_availability","",""
"","1","test_can_create_connection[Test for Kintsugi, url: wss://api-kusama.interlay.io/parachain]","tests","2026-05-30","passed","2026-05-30","","test_nodes_availability","",""
"","162","test_rpc_method_is_available[Test for Kusama Bridge Hub, url: wss://bridge-hub-kusama.dotters.network]","tests","2026-05-30","passed","2026-05-30","","test_rpc_methods_availability","",""
"","13","test_has_new_assets[Test for Basilisk]","tests","2026-05-30","passed","2026-05-30","TestAssets","test_check_new_assets","",""
"","0","test_can_create_connection[Test for Polkadot Coretime, url: wss://coretime-polkadot.dotters.network]","tests","2026-05-30","passed","2026-05-30","","test_nodes_availability","",""
"","123","test_rpc_node_is_synced[Test for Darwinia, url: wss://rpc.darwinia.network]","tests","2026-05-30","passed","2026-05-30","","test_substrate_node_is_synced","",""
"","94","test_rpc_method_is_available[Test for Bifrost Kusama, url: wss://us.bifrost-rpc.liebi.com/ws]","tests","2026-05-30","passed","2026-05-30","","test_rpc_methods_availability","",""
"","0","test_precision[Test for Moonbeam]","tests","2026-05-30","passed","2026-05-30","TestPrecision","test_network_parameters","",""
"","0","test_precision[Test for Heima]","tests","2026-05-30","passed","2026-05-30","TestPrecision","test_network_parameters","",""
"","7","test_has_new_assets[Test for NeuroWeb]","tests","2026-05-30","passed","2026-05-30","TestAssets","test_check_new_assets","",""
"","101","test_rpc_node_is_synced[Test for Ethereum, url: https://1rpc.io/eth]","tests","2026-05-30","broken","2026-05-30","TestETHNodesAvailability","test_eth_nodes_availability","",""
"","0","test_rpc_node_is_synced[Test for Phala, url: wss://api.phala.network/ws]","tests","2026-05-30","broken","2026-05-30","","test_substrate_node_is_synced","",""
"","132","test_rpc_node_is_synced[Test for Astar, url: wss://astar-rpc.n.dwellir.com]","tests","2026-05-30","passed","2026-05-30","","test_substrate_node_is_synced","",""
"","1","test_address_prefix[Test for Moonbeam]","tests","2026-05-30","passed","2026-05-30","TestNetworkPrefix","test_network_parameters","",""
"","0","test_has_new_assets[Test for Nodle Parachain]","tests","2026-05-30","broken","2026-05-30","TestAssets","test_check_new_assets","",""
"","136","test_rpc_node_is_synced[Test for Kusama Relay, url: wss://apps-kusama-rpc.polkadot.io]","tests","2026-05-30","passed","2026-05-30","","test_substrate_node_is_synced","",""
"","24","test_rpc_node_is_synced[Test for Encointer, url: wss://encointer-kusama.dotters.network]","tests","2026-05-30","passed","2026-05-30","","test_substrate_node_is_synced","",""
"","0","test_address_prefix[Test for Manta Atlantic]","tests","2026-05-30","passed","2026-05-30","TestNetworkPrefix","test_network_parameters","",""
"","1","test_precision[Test for UNIQUE]","tests","2026-05-30","passed","2026-05-30","TestPrecision","test_network_parameters","",""
"","7","test_has_new_assets[Test for Darwinia]","tests","2026-05-30","passed","2026-05-30","TestAssets","test_check_new_assets","",""
"","1","test_can_create_connection[Test for Kusama People, url: wss://people-kusama.dotters.network]","tests","2026-05-30","passed","2026-05-30","","test_nodes_availability","",""
"","0","test_can_create_connection[Test for Bifrost Polkadot, url: wss://bifrost-polkadot.dotters.network]","tests","2026-05-30","broken","2026-05-30","","test_nodes_availability","",""
"","0","test_chainId[Test for Tangle]","tests","2026-05-30","broken","2026-05-30","TestChainId","test_network_parameters","",""
"","136","test_rpc_node_is_synced[Test for Kusama Coretime, url: wss://kusama-coretime-rpc.polkadot.io]","tests","2026-05-30","passed","2026-05-30","","test_substrate_node_is_synced","",""
"","207","test_rpc_node_is_synced[Test for Bifrost Kusama, url: wss://bifrost-rpc.liebi.com/ws]","tests","2026-05-30","passed","2026-05-30","","test_substrate_node_is_synced","",""
"","0","test_chainId[Test for Pendulum]","tests","2026-05-30","passed","2026-05-30","TestChainId","test_network_parameters","",""
"","0","test_rpc_node_is_synced[Test for Curio, url: wss://archive.parachain.curioinvest.com]","tests","2026-05-30","broken","2026-05-30","","test_substrate_node_is_synced","",""
"","93","test_rpc_method_is_available[Test for Acala, url: wss://acala-rpc-0.aca-api.network]","tests","2026-05-30","passed","2026-05-30","","test_rpc_methods_availability","",""
"","0","test_can_create_connection[Test for 3DPass, url: wss://rpc.3dpass.org]","tests","2026-05-30","broken","2026-05-30","","test_nodes_availability","",""
"","0","test_can_create_connection[Test for Kusama Coretime, url: wss://coretime-kusama.dotters.network]","tests","2026-05-30","passed","2026-05-30","","test_nodes_availability","",""
"","25","test_rpc_node_is_synced[Test for Polkadot Relay, url: wss://rpc.ibp.network/polkadot]","tests","2026-05-30","passed","2026-05-30","","test_substrate_node_is_synced","",""
"","0","test_has_new_assets[Test for Curio]","tests","2026-05-30","broken","2026-05-30","TestAssets","test_check_new_assets","",""
"","0","test_precision[Test for GIANT]","tests","2026-05-30","passed","2026-05-30","TestPrecision","test_network_parameters","",""
"","140","test_rpc_method_is_available[Test for Polkadot People, url: wss://polkadot-people-rpc.polkadot.io]","tests","2026-05-30","passed","2026-05-30","","test_rpc_methods_availability","",""
"","156","test_rpc_method_is_available[Test for 3DPass, url: wss://rpc.p3d.top]","tests","2026-05-30","passed","2026-05-30","","test_rpc_methods_availability","",""
"","0","test_rpc_method_is_available[Test for Phala, url: wss://api.phala.network/ws]","tests","2026-05-30","broken","2026-05-30","","test_rpc_methods_availability","",""
"","0","test_chainId[Test for NeuroWeb]","tests","2026-05-30","passed","2026-05-30","TestChainId","test_network_parameters","",""
"","1","test_chainId[Test for Acala]","tests","2026-05-30","passed","2026-05-30","TestChainId","test_network_parameters","",""
"","0","test_address_prefix[Test for Polkadot People]","tests","2026-05-30","passed","2026-05-30","TestNetworkPrefix","test_network_parameters","",""
"","0","test_rpc_method_is_available[Test for Moonbeam, url: wss://moonbeam.dotters.network]","tests","2026-05-30","broken","2026-05-30","","test_rpc_methods_availability","",""
"","0","test_can_create_connection[Test for Acurast Canary, url: wss://public-rpc.canary.acurast.com]","tests","2026-05-30","passed","2026-05-30","","test_nodes_availability","",""
"","24","test_rpc_node_is_synced[Test for Kusama Asset Hub, url: wss://sys.ibp.network/statemine]","tests","2026-05-30","passed","2026-05-30","","test_substrate_node_is_synced","",""
"","92","test_rpc_method_is_available[Test for peaq, url: wss://peaq-rpc.publicnode.com]","tests","2026-05-30","passed","2026-05-30","","test_rpc_methods_availability","",""
"","0","test_chainId[Test for Polkadex]","tests","2026-05-30","passed","2026-05-30","TestChainId","test_network_parameters","",""
"","0","test_precision[Test for Manta Atlantic]","tests","2026-05-30","passed","2026-05-30","TestPrecision","test_network_parameters","",""
"","94","test_rpc_method_is_available[Test for Polkadot Collectives, url: wss://collectives-polkadot.dotters.network]","tests","2026-05-30","passed","2026-05-30","","test_rpc_methods_availability","",""
"","0","test_address_prefix[Test for Heima]","tests","2026-05-30","passed","2026-05-30","TestNetworkPrefix","test_network_parameters","",""
"","137","test_rpc_node_is_synced[Test for Interlay, url: wss://api.interlay.io/parachain]","tests","2026-05-30","passed","2026-05-30","","test_substrate_node_is_synced","",""
"","40","test_rpc_node_is_synced[Test for Polkadot Coretime, url: wss://sys.ibp.network/coretime-polkadot]","tests","2026-05-30","passed","2026-05-30","","test_substrate_node_is_synced","",""
"","0","test_address_prefix[Test for Darwinia]","tests","2026-05-30","passed","2026-05-30","TestNetworkPrefix","test_network_parameters","",""
"","0","test_chainId[Test for Vara]","tests","2026-05-30","passed","2026-05-30","TestChainId","test_network_parameters","",""
"","89","test_rpc_method_is_available[Test for CC Enterprise, url: wss://mainnet.creditcoin.network/ws]","tests","2026-05-30","passed","2026-05-30","","test_rpc_methods_availability","",""
"","7","test_has_new_assets[Test for Hydration]","tests","2026-05-30","passed","2026-05-30","TestAssets","test_check_new_assets","",""
"","130","test_rpc_method_is_available[Test for Polkadot Relay, url: wss://rpc-polkadot-2.novasama-tech.org]","tests","2026-05-30","passed","2026-05-30","","test_rpc_methods_availability","",""
"","25","test_rpc_node_is_synced[Test for GIANT, url: wss://rpc-anchor-2-mainnet-az-ue1.giantprotocol.org:443]","tests","2026-05-30","passed","2026-05-30","","test_substrate_node_is_synced","",""
"","141","test_rpc_node_is_synced[Test for Hydration, url: wss://rpc-hydra.novasama-tech.org]","tests","2026-05-30","passed","2026-05-30","","test_substrate_node_is_synced","",""
"","119","test_rpc_method_is_available[Test for Polkadex, url: wss://so.polkadex.ee]","tests","2026-05-30","passed","2026-05-30","","test_rpc_methods_availability","",""
"","0","test_precision[Test for peaq]","tests","2026-05-30","passed","2026-05-30","TestPrecision","test_network_parameters","",""
"","0","test_can_create_connection[Test for Phala, url: wss://phala.public.curie.radiumblock.co/ws]","tests","2026-05-30","broken","2026-05-30","","test_nodes_availability","",""
"","0","test_can_create_connection[Test for UNIQUE, url: wss://unique.ibp.network]","tests","2026-05-30","broken","2026-05-30","","test_nodes_availability","",""
"","1","test_can_create_connection[Test for Polkadot Relay, url: wss://rpc-polkadot.luckyfriday.io]","tests","2026-05-30","passed","2026-05-30","","test_nodes_availability","",""
"","8","test_has_new_assets[Test for Joystream]","tests","2026-05-30","passed","2026-05-30","TestAssets","test_check_new_assets","",""
"","12","test_has_new_assets[Test for Polkadot Bridge Hub]","tests","2026-05-30","passed","2026-05-30","TestAssets","test_check_new_assets","",""
"","46","test_rpc_node_is_synced[Test for Bittensor, url: wss://lite.sub.latent.to:443]","tests","2026-05-30","passed","2026-05-30","","test_substrate_node_is_synced","",""
"","24","test_rpc_node_is_synced[Test for Polkadot Bridge Hub, url: wss://bridge-hub-polkadot.dotters.network]","tests","2026-05-30","passed","2026-05-30","","test_substrate_node_is_synced","",""
"","0","test_address_prefix[Test for Zeitgeist]","tests","2026-05-30","passed","2026-05-30","TestNetworkPrefix","test_network_parameters","",""
"","93","test_rpc_method_is_available[Test for Polkadot Collectives, url: wss://sys.ibp.network/collectives-polkadot]","tests","2026-05-30","passed","2026-05-30","","test_rpc_methods_availability","",""
"","0","test_address_prefix[Test for Polkadot Bridge Hub]","tests","2026-05-30","passed","2026-05-30","TestNetworkPrefix","test_network_parameters","",""
"","116","test_rpc_node_is_synced[Test for Humanode, url: wss://explorer-rpc-ws.mainnet.stages.humanode.io]","tests","2026-05-30","passed","2026-05-30","","test_substrate_node_is_synced","",""
"","0","test_chainId[Test for Kusama Asset Hub]","tests","2026-05-30","passed","2026-05-30","TestChainId","test_network_parameters","",""
"","1","test_address_prefix[Test for UNIQUE]","tests","2026-05-30","passed","2026-05-30","TestNetworkPrefix","test_network_parameters","",""
"","99","test_rpc_method_is_available[Test for Westend (TESTNET), url: wss://westend-rpc.polkadot.io]","tests","2026-05-30","passed","2026-05-30","","test_rpc_methods_availability","",""
"","89","test_has_new_assets[Test for Moonriver]","tests","2026-05-30","passed","2026-05-30","TestAssets","test_check_new_assets","",""
"","7","test_has_new_assets[Test for Bifrost Polkadot]","tests","2026-05-30","passed","2026-05-30","TestAssets","test_check_new_assets","",""
"","0","test_chainId[Test for Polkadot Bridge Hub]","tests","2026-05-30","passed","2026-05-30","TestChainId","test_network_parameters","",""
"","94","test_rpc_method_is_available[Test for Zeitgeist, url: wss://zeitgeist.api.onfinality.io/public-ws]","tests","2026-05-30","passed","2026-05-30","","test_rpc_methods_availability","",""
"","0","test_address_prefix[Test for Kusama Asset Hub]","tests","2026-05-30","passed","2026-05-30","TestNetworkPrefix","test_network_parameters","",""
"","0","test_can_create_connection[Test for NeuroWeb, url: wss://parachain-rpc.origin-trail.network]","tests","2026-05-30","passed","2026-05-30","","test_nodes_availability","",""
"","1","test_chainId[Test for Westend (TESTNET)]","tests","2026-05-30","passed","2026-05-30","TestChainId","test_network_parameters","",""
"","0","test_can_create_connection[Test for Acurast, url: wss://public-archive.mainnet.acurast.com]","tests","2026-05-30","passed","2026-05-30","","test_nodes_availability","",""
"","0","test_can_create_connection[Test for Zeitgeist, url: wss://zeitgeist.api.onfinality.io/public-ws]","tests","2026-05-30","passed","2026-05-30","","test_nodes_availability","",""
"","0","test_chainId[Test for Phala]","tests","2026-05-30","broken","2026-05-30","TestChainId","test_network_parameters","",""
"","0","test_address_prefix[Test for Centrifuge Parachain]","tests","2026-05-30","passed","2026-05-30","TestNetworkPrefix","test_network_parameters","",""
"","7","test_has_new_assets[Test for Kusama People]","tests","2026-05-30","passed","2026-05-30","TestAssets","test_check_new_assets","",""
"","0","test_rpc_node_is_synced[Test for DAO IPCI, url: wss://ipci.rpc.robonomics.network]","tests","2026-05-30","broken","2026-05-30","","test_substrate_node_is_synced","",""
"","1","test_can_create_connection[Test for DENTNet, url: wss://rpc.dentnet.io/ws]","tests","2026-05-30","passed","2026-05-30","","test_nodes_availability","",""
"","99","test_rpc_method_is_available[Test for Creditcoin, url: wss://mainnet3.creditcoin.network]","tests","2026-05-30","passed","2026-05-30","","test_rpc_methods_availability","",""
"","0","test_precision[Test for Acurast Canary]","tests","2026-05-30","passed","2026-05-30","TestPrecision","test_network_parameters","",""
"","0","test_can_create_connection[Test for Amplitude, url: wss://rpc-amplitude.pendulumchain.tech]","tests","2026-05-30","broken","2026-05-30","","test_nodes_availability","",""
"","0","test_can_create_connection[Test for Tanssi, url: wss://services.tanssi-mainnet.network/tanssi]","tests","2026-05-30","passed","2026-05-30","","test_nodes_availability","",""
"","0","test_can_create_connection[Test for Centrifuge Parachain, url: wss://rpc-centrifuge.luckyfriday.io]","tests","2026-05-30","passed","2026-05-30","","test_nodes_availability","",""
"","0","test_chainId[Test for Tanssi]","tests","2026-05-30","passed","2026-05-30","TestChainId","test_network_parameters","",""
"","89","test_rpc_method_is_available[Test for Polymesh, url: wss://mainnet-rpc.polymesh.network]","tests","2026-05-30","passed","2026-05-30","","test_rpc_methods_availability","",""
"","0","test_precision[Test for Kusama Asset Hub]","tests","2026-05-30","passed","2026-05-30","TestPrecision","test_network_parameters","",""
"","0","test_chainId[Test for Polkadot Asset Hub]","tests","2026-05-30","passed","2026-05-30","TestChainId","test_network_parameters","",""
"","236","test_rpc_method_is_available[Test for Polkadot Relay, url: wss://rpc-polkadot-1.novasama-tech.org]","tests","2026-05-30","passed","2026-05-30","","test_rpc_methods_availability","",""
"","0","test_rpc_method_is_available[Test for Bifrost Polkadot, url: wss://bifrost-polkadot.ibp.network]","tests","2026-05-30","broken","2026-05-30","","test_rpc_methods_availability","",""
"","0","test_can_create_connection[Test for Ternoa, url: wss://mainnet.ternoa.network]","tests","2026-05-30","passed","2026-05-30","","test_nodes_availability","",""
"","171","test_rpc_method_is_available[Test for Shiden, url: wss://shiden-rpc.n.dwellir.com]","tests","2026-05-30","passed","2026-05-30","","test_rpc_methods_availability","",""
"","133","test_rpc_method_is_available[Test for Karura, url: wss://karura-rpc.n.dwellir.com]","tests","2026-05-30","passed","2026-05-30","","test_rpc_methods_availability","",""
"","0","test_rpc_method_is_available[Test for Polkadex, url: wss://polkadex.public.curie.radiumblock.co/ws]","tests","2026-05-30","broken","2026-05-30","","test_rpc_methods_availability","",""
"","0","test_rpc_node_is_synced[Test for 3DPass, url: wss://rpc.3dpass.org]","tests","2026-05-30","broken","2026-05-30","","test_substrate_node_is_synced","",""
"","0","test_rpc_node_is_synced[Test for Ajuna, url: wss://ajuna.dotters.network]","tests","2026-05-30","broken","2026-05-30","","test_substrate_node_is_synced","",""
"","95","test_rpc_method_is_available[Test for Kusama Coretime, url: wss://sys.ibp.network/coretime-kusama]","tests","2026-05-30","passed","2026-05-30","","test_rpc_methods_availability","",""
"","110","test_rpc_method_is_available[Test for Frequency, url: wss://1.rpc.frequency.xyz]","tests","2026-05-30","passed","2026-05-30","","test_rpc_methods_availability","",""
"","7","test_has_new_assets[Test for Kusama Coretime]","tests","2026-05-30","passed","2026-05-30","TestAssets","test_check_new_assets","",""
"","7","test_has_new_assets[Test for Mythos]","tests","2026-05-30","passed","2026-05-30","TestAssets","test_check_new_assets","",""
"","148","test_rpc_node_is_synced[Test for Polkadot Asset Hub, url: wss://rpc-assethub.novasama-tech.org]","tests","2026-05-30","passed","2026-05-30","","test_substrate_node_is_synced","",""
"","0","test_precision[Test for Phala]","tests","2026-05-30","broken","2026-05-30","TestPrecision","test_network_parameters","",""
"","0","test_can_create_connection[Test for Polkadot Relay, url: wss://rpc-polkadot-2.novasama-tech.org]","tests","2026-05-30","passed","2026-05-30","","test_nodes_availability","",""
"","93","test_rpc_method_is_available[Test for Kusama Coretime, url: wss://kusama-coretime-rpc.polkadot.io]","tests","2026-05-30","passed","2026-05-30","","test_rpc_methods_availability","",""
"","0","test_can_create_connection[Test for Bittensor, url: wss://lite.sub.latent.to:443]","tests","2026-05-30","passed","2026-05-30","","test_nodes_availability","",""
"","89","test_rpc_method_is_available[Test for Avail, url: wss://mainnet.avail-rpc.com/]","tests","2026-05-30","passed","2026-05-30","","test_rpc_methods_availability","",""
"","160","test_rpc_method_is_available[Test for XX network, url: wss://rpc-hetzner.xx.network]","tests","2026-05-30","passed","2026-05-30","","test_rpc_methods_availability","",""
"","159","test_rpc_node_is_synced[Test for XX network, url: wss://rpc-hetzner.xx.network]","tests","2026-05-30","passed","2026-05-30","","test_substrate_node_is_synced","",""
"","0","test_address_prefix[Test for Cere]","tests","2026-05-30","passed","2026-05-30","TestNetworkPrefix","test_network_parameters","",""
"","0","test_can_create_connection[Test for Hyperbridge Nexus, url: wss://nexus.ibp.network]","tests","2026-05-30","broken","2026-05-30","","test_nodes_availability","",""
"","0","test_can_create_connection[Test for Phala, url: wss://phala-rpc.n.dwellir.com]","tests","2026-05-30","broken","2026-05-30","","test_nodes_availability","",""
"","0","test_address_prefix[Test for Kusama People]","tests","2026-05-30","passed","2026-05-30","TestNetworkPrefix","test_network_parameters","",""
"","6","test_has_new_assets[Test for Ternoa]","tests","2026-05-30","passed","2026-05-30","TestAssets","test_check_new_assets","",""
"","131","test_rpc_method_is_available[Test for Kusama Relay, url: wss://rpc-kusama.luckyfriday.io]","tests","2026-05-30","passed","2026-05-30","","test_rpc_methods_availability","",""
"","28","test_rpc_node_is_synced[Test for GIANT, url: wss://rpc-anchor-1-mainnet-az-ue1.giantprotocol.org:443]","tests","2026-05-30","passed","2026-05-30","","test_substrate_node_is_synced","",""
"","1","test_can_create_connection[Test for Avail, url: wss://mainnet.avail-rpc.com/]","tests","2026-05-30","passed","2026-05-30","","test_nodes_availability","",""
"","1","test_can_create_connection[Test for CC Enterprise, url: wss://mainnet.creditcoin.network/ws]","tests","2026-05-30","passed","2026-05-30","","test_nodes_availability","",""
"","0","test_precision[Test for Enjin Matrix]","tests","2026-05-30","passed","2026-05-30","TestPrecision","test_network_parameters","",""
"","7","test_has_new_assets[Test for peaq]","tests","2026-05-30","passed","2026-05-30","TestAssets","test_check_new_assets","",""
"","0","test_address_prefix[Test for Encointer]","tests","2026-05-30","passed","2026-05-30","TestNetworkPrefix","test_network_parameters","",""
"","10","test_has_new_assets[Test for Heima]","tests","2026-05-30","passed","2026-05-30","TestAssets","test_check_new_assets","",""
"","0","test_precision[Test for Polkadot Asset Hub]","tests","2026-05-30","passed","2026-05-30","TestPrecision","test_network_parameters","",""
"","92","test_rpc_method_is_available[Test for Polkadot Coretime, url: wss://polkadot-coretime-rpc.polkadot.io]","tests","2026-05-30","passed","2026-05-30","","test_rpc_methods_availability","",""
"","97","test_rpc_method_is_available[Test for Kusama Asset Hub, url: wss://sys.ibp.network/statemine]","tests","2026-05-30","passed","2026-05-30","","test_rpc_methods_availability","",""
"","0","test_can_create_connection[Test for Basilisk, url: wss://rpc.basilisk.cloud]","tests","2026-05-30","passed","2026-05-30","","test_nodes_availability","",""
"","0","test_can_create_connection[Test for Bifrost Polkadot, url: wss://bifrost-polkadot.ibp.network]","tests","2026-05-30","broken","2026-05-30","","test_nodes_availability","",""
"","109","test_rpc_node_is_synced[Test for Kusama Bridge Hub, url: wss://ksm-rpc.stakeworld.io/bridgehub]","tests","2026-05-30","passed","2026-05-30","","test_substrate_node_is_synced","",""
"","0","test_can_create_connection[Test for Moonriver, url: wss://moonriver-rpc.publicnode.com]","tests","2026-05-30","passed","2026-05-30","","test_nodes_availability","",""
"","8","test_has_new_assets[Test for Creditcoin]","tests","2026-05-30","passed","2026-05-30","TestAssets","test_check_new_assets","",""
"","0","test_chainId[Test for Humanode]","tests","2026-05-30","passed","2026-05-30","TestChainId","test_network_parameters","",""
"","0","test_address_prefix[Test for Tanssi]","tests","2026-05-30","passed","2026-05-30","TestNetworkPrefix","test_network_parameters","",""
"","0","test_can_create_connection[Test for Shiden, url: wss://shiden-rpc.n.dwellir.com]","tests","2026-05-30","passed","2026-05-30","","test_nodes_availability","",""
"","92","test_rpc_method_is_available[Test for Bittensor, url: wss://bittensor-finney.api.onfinality.io/public-ws]","tests","2026-05-30","passed","2026-05-30","","test_rpc_methods_availability","",""
"","92","test_rpc_method_is_available[Test for Acala, url: wss://acala-rpc-2.aca-api.network/ws]","tests","2026-05-30","passed","2026-05-30","","test_rpc_methods_availability","",""
"","0","test_can_create_connection[Test for Acala, url: wss://acala-rpc-2.aca-api.network/ws]","tests","2026-05-30","passed","2026-05-30","","test_nodes_availability","",""
"","99","test_rpc_method_is_available[Test for Heima, url: wss://heima-rpc.n.dwellir.com]","tests","2026-05-30","passed","2026-05-30","","test_rpc_methods_availability","",""
"","133","test_rpc_node_is_synced[Test for Kusama People, url: wss://ksm-rpc.stakeworld.io/people]","tests","2026-05-30","passed","2026-05-30","","test_substrate_node_is_synced","",""
"","0","test_can_create_connection[Test for Curio, url: wss://parachain.curioinvest.com/]","tests","2026-05-30","broken","2026-05-30","","test_nodes_availability","",""
"","166","test_rpc_node_is_synced[Test for Polkadot Relay, url: wss://rpc-polkadot-2.novasama-tech.org]","tests","2026-05-30","passed","2026-05-30","","test_substrate_node_is_synced","",""
"","0","test_can_create_connection[Test for Kusama Relay, url: wss://1rpc.io/ksm]","tests","2026-05-30","passed","2026-05-30","","test_nodes_availability","",""
"","0","test_rpc_node_is_synced[Test for Moonriver, url: wss://moonriver.public.curie.radiumblock.co/ws]","tests","2026-05-30","broken","2026-05-30","","test_substrate_node_is_synced","",""
"","1","test_chainId[Test for Moonbeam]","tests","2026-05-30","passed","2026-05-30","TestChainId","test_network_parameters","",""
"","0","test_precision[Test for DAO IPCI]","tests","2026-05-30","broken","2026-05-30","TestPrecision","test_network_parameters","",""
"","1","test_precision[Test for Polkadot Collectives]","tests","2026-05-30","passed","2026-05-30","TestPrecision","test_network_parameters","",""
"","0","test_rpc_method_is_available[Test for Moonbeam, url: wss://moonbeam.ibp.network]","tests","2026-05-30","broken","2026-05-30","","test_rpc_methods_availability","",""
"","97","test_rpc_method_is_available[Test for Acala, url: wss://acala-rpc-1.aca-api.network]","tests","2026-05-30","passed","2026-05-30","","test_rpc_methods_availability","",""
"","1","test_can_create_connection[Test for Polkadot Asset Hub, url: wss://sys.ibp.network/asset-hub-polkadot]","tests","2026-05-30","passed","2026-05-30","","test_nodes_availability","",""
"","1","test_precision[Test for Crust Polkadot Parachain]","tests","2026-05-30","passed","2026-05-30","TestPrecision","test_network_parameters","",""
"","0","test_precision[Test for Shiden]","tests","2026-05-30","passed","2026-05-30","TestPrecision","test_network_parameters","",""
"","24","test_rpc_node_is_synced[Test for Hydration, url: wss://hydration.ibp.network]","tests","2026-05-30","passed","2026-05-30","","test_substrate_node_is_synced","",""
"","0","test_can_create_connection[Test for XX network, url: wss://rpc-hetzner.xx.network]","tests","2026-05-30","passed","2026-05-30","","test_nodes_availability","",""
"","0","test_has_new_assets[Test for Phala]","tests","2026-05-30","broken","2026-05-30","TestAssets","test_check_new_assets","",""
"","0","test_precision[Test for Kreivo]","tests","2026-05-30","passed","2026-05-30","TestPrecision","test_network_parameters","",""
"","0","test_chainId[Test for JAMTON]","tests","2026-05-30","passed","2026-05-30","TestChainId","test_network_parameters","",""
"","94","test_rpc_method_is_available[Test for Polkadot People, url: wss://rpc-people-polkadot.luckyfriday.io]","tests","2026-05-30","passed","2026-05-30","","test_rpc_methods_availability","",""
"","0","test_address_prefix[Test for Kusama Bridge Hub]","tests","2026-05-30","passed","2026-05-30","TestNetworkPrefix","test_network_parameters","",""
"","156","test_rpc_method_is_available[Test for Kusama Relay, url: wss://kusama.public.curie.radiumblock.co/ws]","tests","2026-05-30","passed","2026-05-30","","test_rpc_methods_availability","",""
"","266","test_rpc_node_is_synced[Test for Westend (TESTNET), url: wss://westend.public.curie.radiumblock.co/ws]","tests","2026-05-30","passed","2026-05-30","","test_substrate_node_is_synced","",""
"","93","test_rpc_method_is_available[Test for Kusama Relay, url: wss://rpc-kusama-1.novasama-tech.org]","tests","2026-05-30","passed","2026-05-30","","test_rpc_methods_availability","",""
"","28","test_rpc_node_is_synced[Test for Altair, url: wss://altair.api.onfinality.io/public-ws]","tests","2026-05-30","passed","2026-05-30","","test_substrate_node_is_synced","",""
"","1","test_can_create_connection[Test for Karura, url: wss://karura-rpc-2.aca-api.network/ws]","tests","2026-05-30","passed","2026-05-30","","test_nodes_availability","",""
"","0","test_can_create_connection[Test for Astar, url: wss://astar.public.curie.radiumblock.co/ws]","tests","2026-05-30","passed","2026-05-30","","test_nodes_availability","",""
"","233","test_rpc_node_is_synced[Test for Crust Shadow, url: wss://rpc-sha-subscan.crustnetwork.xyz]","tests","2026-05-30","passed","2026-05-30","","test_substrate_node_is_synced","",""
"","1","test_can_create_connection[Test for Polkadot Relay, url: wss://polkadot.public.curie.radiumblock.co/ws]","tests","2026-05-30","passed","2026-05-30","","test_nodes_availability","",""
"","0","test_rpc_method_is_available[Test for Moonbeam, url: wss://moonbeam.public.curie.radiumblock.co/ws]","tests","2026-05-30","broken","2026-05-30","","test_rpc_methods_availability","",""
"","0","test_address_prefix[Test for Kusama Relay]","tests","2026-05-30","passed","2026-05-30","TestNetworkPrefix","test_network_parameters","",""
"","12","test_has_new_assets[Test for Ajuna]","tests","2026-05-30","passed","2026-05-30","TestAssets","test_check_new_assets","",""
"","1","test_can_create_connection[Test for Polkadot Asset Hub, url: wss://asset-hub-polkadot-rpc.n.dwellir.com]","tests","2026-05-30","passed","2026-05-30","","test_nodes_availability","",""
"","28","test_rpc_node_is_synced[Test for Bittensor, url: wss://bittensor-finney.api.onfinality.io/public-ws]","tests","2026-05-30","passed","2026-05-30","","test_substrate_node_is_synced","",""
"","0","test_rpc_node_is_synced[Test for QUARTZ, url: wss://eu-ws-quartz.unique.network]","tests","2026-05-30","broken","2026-05-30","","test_substrate_node_is_synced","",""
"","11","test_has_new_assets[Test for Energy Web X]","tests","2026-05-30","passed","2026-05-30","TestAssets","test_check_new_assets","",""
"","8","test_has_new_assets[Test for CC Enterprise]","tests","2026-05-30","passed","2026-05-30","TestAssets","test_check_new_assets","",""
"","0","test_can_create_connection[Test for Astar, url: wss://astar-rpc.n.dwellir.com]","tests","2026-05-30","passed","2026-05-30","","test_nodes_availability","",""
"","15","test_rpc_node_is_synced[Test for Kreivo, url: wss://kreivo.kippu.rocks/]","tests","2026-05-30","passed","2026-05-30","","test_substrate_node_is_synced","",""
"","0","test_can_create_connection[Test for Hydration, url: wss://rpc-hydra.novasama-tech.org]","tests","2026-05-30","passed","2026-05-30","","test_nodes_availability","",""
"","34","test_rpc_node_is_synced[Test for Kusama Relay, url: wss://rpc-kusama.luckyfriday.io]","tests","2026-05-30","passed","2026-05-30","","test_substrate_node_is_synced","",""
"","0","test_has_new_assets[Test for Tangle]","tests","2026-05-30","broken","2026-05-30","TestAssets","test_check_new_assets","",""
"","10","test_has_new_assets[Test for 3DPass]","tests","2026-05-30","passed","2026-05-30","TestAssets","test_check_new_assets","",""
"","0","test_rpc_method_is_available[Test for Hyperbridge Nexus, url: wss://hyperbridge-nexus-rpc.blockops.network]","tests","2026-05-30","broken","2026-05-30","","test_rpc_methods_availability","",""
"","29","test_rpc_node_is_synced[Test for Polkadot Coretime, url: wss://rpc-coretime-polkadot.luckyfriday.io]","tests","2026-05-30","passed","2026-05-30","","test_substrate_node_is_synced","",""
"","7","test_has_new_assets[Test for Tanssi]","tests","2026-05-30","passed","2026-05-30","TestAssets","test_check_new_assets","",""
"","0","test_rpc_method_is_available[Test for QUARTZ, url: wss://us-ws-quartz.unique.network]","tests","2026-05-30","broken","2026-05-30","","test_rpc_methods_availability","",""
"","0","test_address_prefix[Test for Altair]","tests","2026-05-30","passed","2026-05-30","TestNetworkPrefix","test_network_parameters","",""
"","0","test_chainId[Test for Kintsugi]","tests","2026-05-30","passed","2026-05-30","TestChainId","test_network_parameters","",""
"","0","test_precision[Test for Tanssi]","tests","2026-05-30","passed","2026-05-30","TestPrecision","test_network_parameters","",""
"","395","test_rpc_node_is_synced[Test for Shiden, url: wss://rpc.shiden.astar.network]","tests","2026-05-30","passed","2026-05-30","","test_substrate_node_is_synced","",""
"","0","test_rpc_node_is_synced[Test for Hyperbridge Nexus, url: wss://hyperbridge-nexus-rpc.blockops.network]","tests","2026-05-30","broken","2026-05-30","","test_substrate_node_is_synced","",""
"","0","test_can_create_connection[Test for Heima, url: wss://rpc.litentry-parachain.litentry.io]","tests","2026-05-30","passed","2026-05-30","","test_nodes_availability","",""
"","0","test_can_create_connection[Test for UNIQUE, url: wss://asia-ws.unique.network/]","tests","2026-05-30","passed","2026-05-30","","test_nodes_availability","",""
"","0","test_rpc_node_is_synced[Test for UNIQUE, url: wss://unique.dotters.network]","tests","2026-05-30","broken","2026-05-30","","test_substrate_node_is_synced","",""
"","7","test_has_new_assets[Test for Shiden]","tests","2026-05-30","passed","2026-05-30","TestAssets","test_check_new_assets","",""
"","0","test_can_create_connection[Test for Acala, url: wss://acala-rpc-1.aca-api.network]","tests","2026-05-30","passed","2026-05-30","","test_nodes_availability","",""
"","0","test_rpc_node_is_synced[Test for Phala, url: wss://phala.public.curie.radiumblock.co/ws]","tests","2026-05-30","broken","2026-05-30","","test_substrate_node_is_synced","",""
"","0","test_chainId[Test for Astar]","tests","2026-05-30","broken","2026-05-30","TestChainId","test_network_parameters","",""
"","0","test_chainId[Test for Amplitude]","tests","2026-05-30","broken","2026-05-30","TestChainId","test_network_parameters","",""
"","94","test_rpc_method_is_available[Test for Humanode, url: wss://explorer-rpc-ws.mainnet.stages.humanode.io]","tests","2026-05-30","passed","2026-05-30","","test_rpc_methods_availability","",""
"","101","test_rpc_method_is_available[Test for Centrifuge Parachain, url: wss://fullnode.centrifuge.io]","tests","2026-05-30","passed","2026-05-30","","test_rpc_methods_availability","",""
"","0","test_precision[Test for Hydration]","tests","2026-05-30","passed","2026-05-30","TestPrecision","test_network_parameters","",""
"","175","test_rpc_method_is_available[Test for Shiden, url: wss://shiden.public.curie.radiumblock.co/ws]","tests","2026-05-30","passed","2026-05-30","","test_rpc_methods_availability","",""
"","11","test_has_new_assets[Test for Acurast]","tests","2026-05-30","passed","2026-05-30","TestAssets","test_check_new_assets","",""
"","1","test_can_create_connection[Test for Kusama Relay, url: wss://rpc-kusama-1.novasama-tech.org]","tests","2026-05-30","passed","2026-05-30","","test_nodes_availability","",""
"","0","test_address_prefix[Test for Pendulum]","tests","2026-05-30","passed","2026-05-30","TestNetworkPrefix","test_network_parameters","",""
"","138","test_rpc_method_is_available[Test for Frequency, url: wss://0.rpc.frequency.xyz]","tests","2026-05-30","passed","2026-05-30","","test_rpc_methods_availability","",""
"","0","test_chainId[Test for Centrifuge Parachain]","tests","2026-05-30","passed","2026-05-30","TestChainId","test_network_parameters","",""
"","0","test_rpc_method_is_available[Test for UNIQUE, url: wss://unique.ibp.network]","tests","2026-05-30","broken","2026-05-30","","test_rpc_methods_availability","",""
"","139","test_rpc_node_is_synced[Test for Astar, url: wss://astar.public.curie.radiumblock.co/ws]","tests","2026-05-30","passed","2026-05-30","","test_substrate_node_is_synced","",""
"","0","test_can_create_connection[Test for Polkadot Collectives, url: wss://dot-rpc.stakeworld.io/collectives]","tests","2026-05-30","passed","2026-05-30","","test_nodes_availability","",""
"","95","test_rpc_method_is_available[Test for Astar, url: wss://astar.public.curie.radiumblock.co/ws]","tests","2026-05-30","passed","2026-05-30","","test_rpc_methods_availability","",""
"","0","test_precision[Test for Frequency]","tests","2026-05-30","passed","2026-05-30","TestPrecision","test_network_parameters","",""
"","0","test_address_prefix[Test for Ajuna]","tests","2026-05-30","passed","2026-05-30","TestNetworkPrefix","test_network_parameters","",""
"","0","test_can_create_connection[Test for Acala, url: wss://acala-rpc.n.dwellir.com]","tests","2026-05-30","broken","2026-05-30","","test_nodes_availability","",""
"","0","test_can_create_connection[Test for Kusama Relay, url: wss://kusama.public.curie.radiumblock.co/ws]","tests","2026-05-30","passed","2026-05-30","","test_nodes_availability","",""
"","1","test_address_prefix[Test for DENTNet]","tests","2026-05-30","passed","2026-05-30","TestNetworkPrefix","test_network_parameters","",""
"","99","test_rpc_method_is_available[Test for Polkadot Relay, url: wss://dot-rpc.stakeworld.io]","tests","2026-05-30","passed","2026-05-30","","test_rpc_methods_availability","",""
"","0","test_can_create_connection[Test for Polkadot Bridge Hub, url: wss://bridge-hub-polkadot.dotters.network]","tests","2026-05-30","passed","2026-05-30","","test_nodes_availability","",""
"","0","test_precision[Test for Polkadot Coretime]","tests","2026-05-30","passed","2026-05-30","TestPrecision","test_network_parameters","",""
"","0","test_can_create_connection[Test for QUARTZ, url: wss://quartz.unique.network]","tests","2026-05-30","broken","2026-05-30","","test_nodes_availability","",""
"","0","test_chainId[Test for Mythos]","tests","2026-05-30","passed","2026-05-30","TestChainId","test_network_parameters","",""
"","21","test_rpc_node_is_synced[Test for Frequency, url: wss://0.rpc.frequency.xyz]","tests","2026-05-30","passed","2026-05-30","","test_substrate_node_is_synced","",""
"","0","test_can_create_connection[Test for Moonbeam, url: wss://moonbeam.ibp.network]","tests","2026-05-30","broken","2026-05-30","","test_nodes_availability","",""
"","96","test_rpc_method_is_available[Test for Aventus, url: wss://avn-parachain.mainnet.aventus.io]","tests","2026-05-30","passed","2026-05-30","","test_rpc_methods_availability","",""
"","0","test_can_create_connection[Test for Polkadot Bridge Hub, url: wss://sys.ibp.network/bridgehub-polkadot]","tests","2026-05-30","passed","2026-05-30","","test_nodes_availability","",""
"","0","test_can_create_connection[Test for Phala, url: wss://api.phala.network/ws]","tests","2026-05-30","broken","2026-05-30","","test_nodes_availability","",""
"","93","test_rpc_method_is_available[Test for Acala, url: wss://acala-rpc-3.aca-api.network/ws]","tests","2026-05-30","passed","2026-05-30","","test_rpc_methods_availability","",""
"","0","test_can_create_connection[Test for Polkadot Asset Hub, url: wss://rpc-assethub.novasama-tech.org]","tests","2026-05-30","passed","2026-05-30","","test_nodes_availability","",""
"","7","test_has_new_assets[Test for DeepBrain]","tests","2026-05-30","passed","2026-05-30","TestAssets","test_check_new_assets","",""
"","135","test_rpc_method_is_available[Test for Karura, url: wss://karura-rpc-1.aca-api.network]","tests","2026-05-30","passed","2026-05-30","","test_rpc_methods_availability","",""
"","101","test_rpc_method_is_available[Test for Polkadot Relay, url: wss://1rpc.io/dot]","tests","2026-05-30","passed","2026-05-30","","test_rpc_methods_availability","",""
"","93","test_rpc_method_is_available[Test for Kusama Coretime, url: wss://coretime-kusama.dotters.network]","tests","2026-05-30","passed","2026-05-30","","test_rpc_methods_availability","",""
"","7","test_has_new_assets[Test for Polkadot Asset Hub]","tests","2026-05-30","passed","2026-05-30","TestAssets","test_check_new_assets","",""
"","0","test_precision[Test for Interlay]","tests","2026-05-30","passed","2026-05-30","TestPrecision","test_network_parameters","",""
"","0","test_precision[Test for Polkadot Bridge Hub]","tests","2026-05-30","passed","2026-05-30","TestPrecision","test_network_parameters","",""
"","1","test_address_prefix[Test for Moonriver]","tests","2026-05-30","passed","2026-05-30","TestNetworkPrefix","test_network_parameters","",""
"","95","test_rpc_method_is_available[Test for UNIQUE, url: wss://eu-ws.unique.network/]","tests","2026-05-30","passed","2026-05-30","","test_rpc_methods_availability","",""
"","0","test_chainId[Test for Crust Polkadot Parachain]","tests","2026-05-30","passed","2026-05-30","TestChainId","test_network_parameters","",""
"","0","test_chainId[Test for Basilisk]","tests","2026-05-30","passed","2026-05-30","TestChainId","test_network_parameters","",""
"","37","test_has_new_assets[Test for Interlay]","tests","2026-05-30","passed","2026-05-30","TestAssets","test_check_new_assets","",""
"","92","test_rpc_method_is_available[Test for Acurast, url: wss://public-archive.mainnet.acurast.com]","tests","2026-05-30","passed","2026-05-30","","test_rpc_methods_availability","",""
"","0","test_address_prefix[Test for Aleph Zero]","tests","2026-05-30","passed","2026-05-30","TestNetworkPrefix","test_network_parameters","",""
"","0","test_can_create_connection[Test for UNIQUE, url: wss://unique.dotters.network]","tests","2026-05-30","broken","2026-05-30","","test_nodes_availability","",""
"","1","test_can_create_connection[Test for Creditcoin, url: wss://mainnet3.creditcoin.network]","tests","2026-05-30","passed","2026-05-30","","test_nodes_availability","",""
"","103","test_rpc_method_is_available[Test for Polkadot Coretime, url: wss://rpc-coretime-polkadot.luckyfriday.io]","tests","2026-05-30","passed","2026-05-30","","test_rpc_methods_availability","",""
"","0","test_can_create_connection[Test for Polkadot Coretime, url: wss://rpc-coretime-polkadot.luckyfriday.io]","tests","2026-05-30","passed","2026-05-30","","test_nodes_availability","",""
"","99","test_rpc_method_is_available[Test for Astar, url: wss://rpc.astar.network]","tests","2026-05-30","passed","2026-05-30","","test_rpc_methods_availability","",""
"","94","test_rpc_method_is_available[Test for Hydration, url: wss://rpc-hydra.novasama-tech.org]","tests","2026-05-30","passed","2026-05-30","","test_rpc_methods_availability","",""
"","97","test_rpc_method_is_available[Test for Polkadot Relay, url: wss://rpc.ibp.network/polkadot]","tests","2026-05-30","passed","2026-05-30","","test_rpc_methods_availability","",""
"","0","test_address_prefix[Test for Vara]","tests","2026-05-30","passed","2026-05-30","TestNetworkPrefix","test_network_parameters","",""
"","0","test_address_prefix[Test for Ternoa]","tests","2026-05-30","passed","2026-05-30","TestNetworkPrefix","test_network_parameters","",""
"","0","test_rpc_node_is_synced[Test for UNIQUE, url: wss://unique.ibp.network]","tests","2026-05-30","broken","2026-05-30","","test_substrate_node_is_synced","",""
"","0","test_address_prefix[Test for CC Enterprise]","tests","2026-05-30","passed","2026-05-30","TestNetworkPrefix","test_network_parameters","",""
"","24","test_rpc_node_is_synced[Test for Bittensor, url: wss://entrypoint-finney.opentensor.ai:443]","tests","2026-05-30","passed","2026-05-30","","test_substrate_node_is_synced","",""
"","0","test_can_create_connection[Test for Kusama Coretime, url: wss://sys.ibp.network/coretime-kusama]","tests","2026-05-30","passed","2026-05-30","","test_nodes_availability","",""
"","93","test_rpc_method_is_available[Test for Basilisk, url: wss://basilisk-rpc.n.dwellir.com]","tests","2026-05-30","passed","2026-05-30","","test_rpc_methods_availability","",""
"","218","test_rpc_node_is_synced[Test for Acala, url: wss://acala-rpc-1.aca-api.network]","tests","2026-05-30","passed","2026-05-30","","test_substrate_node_is_synced","",""
"","153","test_rpc_node_is_synced[Test for Mythos, url: wss://mythos-rpc.dmarket.com]","tests","2026-05-30","passed","2026-05-30","","test_substrate_node_is_synced","",""
"","162","test_rpc_method_is_available[Test for Bifrost Kusama, url: wss://bifrost-rpc.liebi.com/ws]","tests","2026-05-30","passed","2026-05-30","","test_rpc_methods_availability","",""
"","186","test_rpc_node_work_fast[Test for Ethereum, url: https://ethereum-rpc.publicnode.com]","tests","2026-05-30","passed","2026-05-30","TestETHNodesAvailability","test_eth_nodes_availability","",""
"","11","test_has_new_assets[Test for Aleph Zero]","tests","2026-05-30","passed","2026-05-30","TestAssets","test_check_new_assets","",""
"","102","test_rpc_method_is_available[Test for JAMTON, url: wss://rpc.jamton.network]","tests","2026-05-30","passed","2026-05-30","","test_rpc_methods_availability","",""
"","0","test_can_create_connection[Test for Nodle Parachain, url: wss://nodle-parachain.api.onfinality.io/public-ws]","tests","2026-05-30","broken","2026-05-30","","test_nodes_availability","",""
"","0","test_precision[Test for Humanode]","tests","2026-05-30","passed","2026-05-30","TestPrecision","test_network_parameters","",""
"","0","test_has_new_assets[Test for DAO IPCI]","tests","2026-05-30","broken","2026-05-30","TestAssets","test_check_new_assets","",""
"","0","test_can_create_connection[Test for XX network, url: wss://rpc.xx.network]","tests","2026-05-30","passed","2026-05-30","","test_nodes_availability","",""
"","137","test_rpc_node_is_synced[Test for Acala, url: wss://acala-rpc-0.aca-api.network]","tests","2026-05-30","passed","2026-05-30","","test_substrate_node_is_synced","",""
"","0","test_can_create_connection[Test for Karura, url: wss://karura-rpc-1.aca-api.network]","tests","2026-05-30","passed","2026-05-30","","test_nodes_availability","",""
"","0","test_chainId[Test for Polkadot Coretime]","tests","2026-05-30","passed","2026-05-30","TestChainId","test_network_parameters","",""
"","0","test_precision[Test for Centrifuge Parachain]","tests","2026-05-30","passed","2026-05-30","TestPrecision","test_network_parameters","",""
"","0","test_address_prefix[Test for Acala]","tests","2026-05-30","passed","2026-05-30","TestNetworkPrefix","test_network_parameters","",""
"","0","test_can_create_connection[Test for Frequency, url: wss://0.rpc.frequency.xyz]","tests","2026-05-30","passed","2026-05-30","","test_nodes_availability","",""
"","0","test_address_prefix[Test for Creditcoin]","tests","2026-05-30","passed","2026-05-30","TestNetworkPrefix","test_network_parameters","",""
"","0","test_can_create_connection[Test for Curio, url: wss://archive.parachain.curioinvest.com]","tests","2026-05-30","broken","2026-05-30","","test_nodes_availability","",""
"","116","test_rpc_node_is_synced[Test for Ternoa, url: wss://mainnet.ternoa.network]","tests","2026-05-30","passed","2026-05-30","","test_substrate_node_is_synced","",""
"","0","test_address_prefix[Test for Polkadex]","tests","2026-05-30","passed","2026-05-30","TestNetworkPrefix","test_network_parameters","",""
"","124","test_rpc_node_is_synced[Test for Polkadot Relay, url: wss://rpc-polkadot-1.novasama-tech.org]","tests","2026-05-30","passed","2026-05-30","","test_substrate_node_is_synced","",""
"","1","test_can_create_connection[Test for Moonriver, url: wss://wss.api.moonriver.moonbeam.network]","tests","2026-05-30","passed","2026-05-30","","test_nodes_availability","",""
"","255","test_rpc_node_is_synced[Test for Polkadot Collectives, url: wss://collectives.public.curie.radiumblock.co/ws]","tests","2026-05-30","passed","2026-05-30","","test_substrate_node_is_synced","",""
"","1","test_can_create_connection[Test for Kusama Relay, url: wss://apps-kusama-rpc.polkadot.io]","tests","2026-05-30","passed","2026-05-30","","test_nodes_availability","",""
"","0","test_precision[Test for Bifrost Polkadot]","tests","2026-05-30","passed","2026-05-30","TestPrecision","test_network_parameters","",""
"","65","test_rpc_node_is_synced[Test for Polkadex, url: wss://so.polkadex.ee]","tests","2026-05-30","passed","2026-05-30","","test_substrate_node_is_synced","",""
"","0","test_can_create_connection[Test for Moonbeam, url: wss://wss.api.moonbeam.network]","tests","2026-05-30","passed","2026-05-30","","test_nodes_availability","",""
"","320","test_rpc_node_is_synced[Test for DENTNet, url: wss://rpc.dentnet.io/ws]","tests","2026-05-30","passed","2026-05-30","","test_substrate_node_is_synced","",""
"","0","test_can_create_connection[Test for Polkadot Relay, url: wss://dot-rpc.stakeworld.io]","tests","2026-05-30","passed","2026-05-30","","test_nodes_availability","",""
"","0","test_can_create_connection[Test for JAMTON, url: wss://rpc.jamton.network]","tests","2026-05-30","passed","2026-05-30","","test_nodes_availability","",""
"","106","test_rpc_node_is_synced[Test for Aventus, url: wss://public-rpc.mainnet.aventus.io]","tests","2026-05-30","passed","2026-05-30","","test_substrate_node_is_synced","",""
"","0","test_chainId[Test for Enjin Matrix]","tests","2026-05-30","passed","2026-05-30","TestChainId","test_network_parameters","",""
"","0","test_can_create_connection[Test for Interlay, url: wss://rpc-interlay.luckyfriday.io/]","tests","2026-05-30","passed","2026-05-30","","test_nodes_availability","",""
"","0","test_can_create_connection[Test for Manta Atlantic, url: wss://ws.manta.systems]","tests","2026-05-30","passed","2026-05-30","","test_nodes_availability","",""
"","89","test_rpc_method_is_available[Test for Acurast Canary, url: wss://public-rpc.canary.acurast.com]","tests","2026-05-30","passed","2026-05-30","","test_rpc_methods_availability","",""
"","0","test_can_create_connection[Test for Encointer, url: wss://encointer-kusama.dotters.network]","tests","2026-05-30","passed","2026-05-30","","test_nodes_availability","",""
"","0","test_address_prefix[Test for Astar]","tests","2026-05-30","passed","2026-05-30","TestNetworkPrefix","test_network_parameters","",""
"","0","test_address_prefix[Test for peaq]","tests","2026-05-30","passed","2026-05-30","TestNetworkPrefix","test_network_parameters","",""
"","0","test_chainId[Test for Crust Shadow]","tests","2026-05-30","passed","2026-05-30","TestChainId","test_network_parameters","",""
"","1","test_can_create_connection[Test for Vara, url: wss://rpc.vara-network.io]","tests","2026-05-30","passed","2026-05-30","","test_nodes_availability","",""
"","40","test_rpc_node_is_synced[Test for Kusama Bridge Hub, url: wss://sys.ibp.network/bridgehub-kusama]","tests","2026-05-30","passed","2026-05-30","","test_substrate_node_is_synced","",""
"","0","test_rpc_node_is_synced[Test for Curio, url: wss://parachain.curioinvest.com/]","tests","2026-05-30","broken","2026-05-30","","test_substrate_node_is_synced","",""
"","8","test_has_new_assets[Test for Crust Polkadot Parachain]","tests","2026-05-30","passed","2026-05-30","TestAssets","test_check_new_assets","",""
"","127","test_rpc_node_is_synced[Test for Ajuna, url: wss://rpc-para.ajuna.network]","tests","2026-05-30","passed","2026-05-30","","test_substrate_node_is_synced","",""
"","0","test_address_prefix[Test for Polkadot Asset Hub]","tests","2026-05-30","passed","2026-05-30","TestNetworkPrefix","test_network_parameters","",""
"","0","test_rpc_method_is_available[Test for Hyperbridge Nexus, url: wss://nexus.dotters.network]","tests","2026-05-30","broken","2026-05-30","","test_rpc_methods_availability","",""
"","94","test_rpc_method_is_available[Test for Kusama People, url: wss://sys.ibp.network/people-kusama]","tests","2026-05-30","passed","2026-05-30","","test_rpc_methods_availability","",""
"","0","test_can_create_connection[Test for Polkadot Relay, url: wss://rpc.ibp.network/polkadot]","tests","2026-05-30","passed","2026-05-30","","test_nodes_availability","",""
"","0","test_chainId[Test for Kusama Relay]","tests","2026-05-30","passed","2026-05-30","TestChainId","test_network_parameters","",""
"","0","test_chainId[Test for Kusama Bridge Hub]","tests","2026-05-30","passed","2026-05-30","TestChainId","test_network_parameters","",""
"","133","test_rpc_node_is_synced[Test for Basilisk, url: wss://basilisk-rpc.n.dwellir.com]","tests","2026-05-30","passed","2026-05-30","","test_substrate_node_is_synced","",""
"","0","test_precision[Test for Kintsugi]","tests","2026-05-30","passed","2026-05-30","TestPrecision","test_network_parameters","",""
"","173","test_rpc_method_is_available[Test for Polkadot Bridge Hub, url: wss://dot-rpc.stakeworld.io/bridgehub]","tests","2026-05-30","passed","2026-05-30","","test_rpc_methods_availability","",""
"","132","test_rpc_node_is_synced[Test for Kintsugi, url: wss://api-kusama.interlay.io/parachain]","tests","2026-05-30","passed","2026-05-30","","test_substrate_node_is_synced","",""
"","0","test_precision[Test for Robonomics]","tests","2026-05-30","passed","2026-05-30","TestPrecision","test_network_parameters","",""
"","109","test_rpc_node_is_synced[Test for Kusama Relay, url: wss://kusama.public.curie.radiumblock.co/ws]","tests","2026-05-30","passed","2026-05-30","","test_substrate_node_is_synced","",""
"","0","test_chainId[Test for Shiden]","tests","2026-05-30","passed","2026-05-30","TestChainId","test_network_parameters","",""
"","0","test_precision[Test for Crust Shadow]","tests","2026-05-30","passed","2026-05-30","TestPrecision","test_network_parameters","",""
"","0","test_rpc_method_is_available[Test for Bifrost Polkadot, url: wss://bifrost-polkadot.dotters.network]","tests","2026-05-30","broken","2026-05-30","","test_rpc_methods_availability","",""
"","0","test_address_prefix[Test for Polkadot Collectives]","tests","2026-05-30","passed","2026-05-30","TestNetworkPrefix","test_network_parameters","",""
"","0","test_precision[Test for Bifrost Kusama]","tests","2026-05-30","passed","2026-05-30","TestPrecision","test_network_parameters","",""
"","103","test_rpc_method_is_available[Test for Kusama People, url: wss://people-kusama.dotters.network]","tests","2026-05-30","passed","2026-05-30","","test_rpc_methods_availability","",""
"","12","test_has_new_assets[Test for XX network]","tests","2026-05-30","passed","2026-05-30","TestAssets","test_check_new_assets","",""
"","0","test_chainId[Test for Joystream]","tests","2026-05-30","passed","2026-05-30","TestChainId","test_network_parameters","",""
"","0","test_chainId[Test for Kusama Coretime]","tests","2026-05-30","passed","2026-05-30","TestChainId","test_network_parameters","",""
"","0","test_can_create_connection[Test for Hyperbridge Nexus, url: wss://nexus.dotters.network]","tests","2026-05-30","broken","2026-05-30","","test_nodes_availability","",""
"","0","test_precision[Test for Encointer]","tests","2026-05-30","passed","2026-05-30","TestPrecision","test_network_parameters","",""
"","24","test_rpc_node_is_synced[Test for Polkadot Collectives, url: wss://collectives-polkadot.dotters.network]","tests","2026-05-30","passed","2026-05-30","","test_substrate_node_is_synced","",""
"","0","test_chainId[Test for Curio]","tests","2026-05-30","broken","2026-05-30","TestChainId","test_network_parameters","",""
"","0","test_can_create_connection[Test for Kusama Coretime, url: wss://kusama-coretime-rpc.polkadot.io]","tests","2026-05-30","passed","2026-05-30","","test_nodes_availability","",""
"","93","test_rpc_method_is_available[Test for Heima, url: wss://rpc.litentry-parachain.litentry.io]","tests","2026-05-30","passed","2026-05-30","","test_rpc_methods_availability","",""
"","93","test_rpc_method_is_available[Test for Karura, url: wss://karura-rpc-3.aca-api.network/ws]","tests","2026-05-30","passed","2026-05-30","","test_rpc_methods_availability","",""
"","1","test_can_create_connection[Test for Crust Shadow, url: wss://rpc2-shadow.crust.network/]","tests","2026-05-30","passed","2026-05-30","","test_nodes_availability","",""
"","0","test_address_prefix[Test for Acurast Canary]","tests","2026-05-30","passed","2026-05-30","TestNetworkPrefix","test_network_parameters","",""
"","93","test_rpc_method_is_available[Test for Kusama People, url: wss://kusama-people-rpc.polkadot.io]","tests","2026-05-30","passed","2026-05-30","","test_rpc_methods_availability","",""
"","7","test_has_new_assets[Test for Cere]","tests","2026-05-30","passed","2026-05-30","TestAssets","test_check_new_assets","",""
"","1","test_chainId[Test for Aleph Zero]","tests","2026-05-30","passed","2026-05-30","TestChainId","test_network_parameters","",""
"","137","test_rpc_method_is_available[Test for Moonbeam, url: wss://wss.api.moonbeam.network]","tests","2026-05-30","passed","2026-05-30","","test_rpc_methods_availability","",""
"","0","test_precision[Test for Crab]","tests","2026-05-30","broken","2026-05-30","TestPrecision","test_network_parameters","",""
"","0","test_address_prefix[Test for Crust Polkadot Parachain]","tests","2026-05-30","passed","2026-05-30","TestNetworkPrefix","test_network_parameters","",""
"","299","test_rpc_method_is_available[Test for Karura, url: wss://karura-rpc-0.aca-api.network]","tests","2026-05-30","passed","2026-05-30","","test_rpc_methods_availability","",""
"","133","test_rpc_method_is_available[Test for krest, url: wss://krest.api.onfinality.io/public-ws']","tests","2026-05-30","passed","2026-05-30","","test_rpc_methods_availability","",""
"","0","test_address_prefix[Test for Polkadot Coretime]","tests","2026-05-30","passed","2026-05-30","TestNetworkPrefix","test_network_parameters","",""
"","0","test_precision[Test for Polymesh]","tests","2026-05-30","passed","2026-05-30","TestPrecision","test_network_parameters","",""
"","11","test_has_new_assets[Test for Frequency]","tests","2026-05-30","passed","2026-05-30","TestAssets","test_check_new_assets","",""
"","0","test_has_new_assets[Test for QUARTZ]","tests","2026-05-30","broken","2026-05-30","TestAssets","test_check_new_assets","",""
"","74","test_rpc_node_is_synced[Test for Moonriver, url: wss://wss.api.moonriver.moonbeam.network]","tests","2026-05-30","passed","2026-05-30","","test_substrate_node_is_synced","",""
"","0","test_address_prefix[Test for Robonomics]","tests","2026-05-30","passed","2026-05-30","TestNetworkPrefix","test_network_parameters","",""
"","0","test_can_create_connection[Test for Kusama Bridge Hub, url: wss://sys.ibp.network/bridgehub-kusama]","tests","2026-05-30","passed","2026-05-30","","test_nodes_availability","",""
"","426","test_rpc_node_is_synced[Test for Acala, url: wss://acala-rpc-2.aca-api.network/ws]","tests","2026-05-30","passed","2026-05-30","","test_substrate_node_is_synced","",""
"","0","test_can_create_connection[Test for Polkadot Relay, url: wss://1rpc.io/dot]","tests","2026-05-30","passed","2026-05-30","","test_nodes_availability","",""
"","1","test_can_create_connection[Test for Humanode, url: wss://explorer-rpc-ws.mainnet.stages.humanode.io]","tests","2026-05-30","passed","2026-05-30","","test_nodes_availability","",""
"","0","test_can_create_connection[Test for Shiden, url: wss://rpc.shiden.astar.network]","tests","2026-05-30","passed","2026-05-30","","test_nodes_availability","",""
"","0","test_rpc_node_is_synced[Test for Polkadot Relay, url: wss://1rpc.io/dot]","tests","2026-05-30","broken","2026-05-30","","test_substrate_node_is_synced","",""
"","166","test_rpc_method_is_available[Test for Polkadot Collectives, url: wss://dot-rpc.stakeworld.io/collectives]","tests","2026-05-30","passed","2026-05-30","","test_rpc_methods_availability","",""
"","0","test_can_create_connection[Test for Altair, url: wss://altair.api.onfinality.io/public-ws]","tests","2026-05-30","passed","2026-05-30","","test_nodes_availability","",""
"","24","test_rpc_node_is_synced[Test for Kusama People, url: wss://people-kusama.dotters.network]","tests","2026-05-30","passed","2026-05-30","","test_substrate_node_is_synced","",""
"","140","test_rpc_node_is_synced[Test for Shiden, url: wss://shiden.public.curie.radiumblock.co/ws]","tests","2026-05-30","passed","2026-05-30","","test_substrate_node_is_synced","",""
"","0","test_address_prefix[Test for DeepBrain]","tests","2026-05-30","broken","2026-05-30","TestNetworkPrefix","test_network_parameters","",""
"","0","test_chainId[Test for Creditcoin]","tests","2026-05-30","passed","2026-05-30","TestChainId","test_network_parameters","",""
"","89","test_rpc_method_is_available[Test for Kreivo, url: wss://kreivo.kippu.rocks/]","tests","2026-05-30","passed","2026-05-30","","test_rpc_methods_availability","",""
"","93","test_rpc_method_is_available[Test for Moonriver, url: wss://wss.api.moonriver.moonbeam.network]","tests","2026-05-30","passed","2026-05-30","","test_rpc_methods_availability","",""
"","0","test_has_new_assets[Test for Amplitude]","tests","2026-05-30","broken","2026-05-30","TestAssets","test_check_new_assets","",""
"","1","test_can_create_connection[Test for DeepBrain, url: wss://info.dbcwallet.io]","tests","2026-05-30","passed","2026-05-30","","test_nodes_availability","",""
"","1","test_chainId[Test for Robonomics]","tests","2026-05-30","passed","2026-05-30","TestChainId","test_network_parameters","",""
"","0","test_can_create_connection[Test for Polkadot Relay, url: wss://rpc-polkadot-1.novasama-tech.org]","tests","2026-05-30","passed","2026-05-30","","test_nodes_availability","",""
"","94","test_rpc_method_is_available[Test for Bittensor, url: wss://lite.sub.latent.to:443]","tests","2026-05-30","passed","2026-05-30","","test_rpc_methods_availability","",""
"","0","test_can_create_connection[Test for Hyperbridge Nexus, url: wss://hyperbridge-nexus-rpc.blockops.network]","tests","2026-05-30","broken","2026-05-30","","test_nodes_availability","",""
"","0","test_can_create_connection[Test for Moonbeam, url: wss://moonbeam.public.curie.radiumblock.co/ws]","tests","2026-05-30","broken","2026-05-30","","test_nodes_availability","",""
"","0","test_can_create_connection[Test for krest, url: wss://krest.api.onfinality.io/public-ws']","tests","2026-05-30","passed","2026-05-30","","test_nodes_availability","",""
"","94","test_rpc_method_is_available[Test for Astar, url: wss://astar-rpc.n.dwellir.com]","tests","2026-05-30","passed","2026-05-30","","test_rpc_methods_availability","",""
"","41","test_rpc_node_is_synced[Test for Polkadot Bridge Hub, url: wss://sys.ibp.network/bridgehub-polkadot]","tests","2026-05-30","passed","2026-05-30","","test_substrate_node_is_synced","",""
"","1","test_chainId[Test for Avail]","tests","2026-05-30","passed","2026-05-30","TestChainId","test_network_parameters","",""
"","130","test_rpc_node_is_synced[Test for Basilisk, url: wss://rpc.basilisk.cloud]","tests","2026-05-30","passed","2026-05-30","","test_substrate_node_is_synced","",""
"","0","test_can_create_connection[Test for Westend (TESTNET), url: wss://westend.public.curie.radiumblock.co/ws]","tests","2026-05-30","passed","2026-05-30","","test_nodes_availability","",""
"","93","test_rpc_method_is_available[Test for Encointer, url: wss://api.kusama.encointer.org]","tests","2026-05-30","passed","2026-05-30","","test_rpc_methods_availability","",""
"","7","test_has_new_assets[Test for Kusama Relay]","tests","2026-05-30","passed","2026-05-30","TestAssets","test_check_new_assets","",""
"","0","test_can_create_connection[Test for 3DPass, url: wss://rpc.p3d.top]","tests","2026-05-30","passed","2026-05-30","","test_nodes_availability","",""
"","92","test_rpc_method_is_available[Test for Altair, url: wss://altair.api.onfinality.io/public-ws]","tests","2026-05-30","passed","2026-05-30","","test_rpc_methods_availability","",""
"","0","test_address_prefix[Test for Crab]","tests","2026-05-30","broken","2026-05-30","TestNetworkPrefix","test_network_parameters","",""
"","0","test_rpc_node_is_synced[Test for Bifrost Polkadot, url: wss://bifrost-polkadot.dotters.network]","tests","2026-05-30","broken","2026-05-30","","test_substrate_node_is_synced","",""
"","50","test_rpc_node_is_synced[Test for Moonriver, url: wss://moonriver-rpc.publicnode.com]","tests","2026-05-30","passed","2026-05-30","","test_substrate_node_is_synced","",""
"","167","test_rpc_method_is_available[Test for NeuroWeb, url: wss://parachain-rpc.origin-trail.network]","tests","2026-05-30","passed","2026-05-30","","test_rpc_methods_availability","",""
"","93","test_rpc_method_is_available[Test for Basilisk, url: wss://rpc.basilisk.cloud]","tests","2026-05-30","passed","2026-05-30","","test_rpc_methods_availability","",""
"","0","test_can_create_connection[Test for Kusama People, url: wss://kusama-people-rpc.polkadot.io]","tests","2026-05-30","passed","2026-05-30","","test_nodes_availability","",""
"","0","test_precision[Test for DENTNet]","tests","2026-05-30","passed","2026-05-30","TestPrecision","test_network_parameters","",""
"","10","test_has_new_assets[Test for Enjin Relay]","tests","2026-05-30","passed","2026-05-30","TestAssets","test_check_new_assets","",""
"","27","test_rpc_node_is_synced[Test for Polkadot Asset Hub, url: wss://asset-hub-polkadot.dotters.network]","tests","2026-05-30","passed","2026-05-30","","test_substrate_node_is_synced","",""
"","0","test_chainId[Test for Nodle Parachain]","tests","2026-05-30","broken","2026-05-30","TestChainId","test_network_parameters","",""
"","575","test_rpc_node_work_fast[Test for Ethereum, url: https://1rpc.io/eth]","tests","2026-05-30","passed","2026-05-30","TestETHNodesAvailability","test_eth_nodes_availability","",""
"","0","test_chainId[Test for DAO IPCI]","tests","2026-05-30","broken","2026-05-30","TestChainId","test_network_parameters","",""
"","151","test_rpc_method_is_available[Test for Polkadot People, url: wss://people-polkadot.dotters.network]","tests","2026-05-30","passed","2026-05-30","","test_rpc_methods_availability","",""
"","1","test_can_create_connection[Test for Crust Polkadot Parachain, url: wss://crust-parachain.crustapps.net]","tests","2026-05-30","passed","2026-05-30","","test_nodes_availability","",""
"","92","test_rpc_method_is_available[Test for Crust Shadow, url: wss://rpc-shadow.crust.network/]","tests","2026-05-30","passed","2026-05-30","","test_rpc_methods_availability","",""
"","131","test_rpc_node_is_synced[Test for Heima, url: wss://rpc.litentry-parachain.litentry.io]","tests","2026-05-30","passed","2026-05-30","","test_substrate_node_is_synced","",""
"","382","test_rpc_node_is_synced[Test for Encointer, url: wss://api.kusama.encointer.org]","tests","2026-05-30","passed","2026-05-30","","test_substrate_node_is_synced","",""
"","0","test_can_create_connection[Test for QUARTZ, url: wss://eu-ws-quartz.unique.network]","tests","2026-05-30","broken","2026-05-30","","test_nodes_availability","",""
"","0","test_precision[Test for Kusama Bridge Hub]","tests","2026-05-30","passed","2026-05-30","TestPrecision","test_network_parameters","",""
"","99","test_rpc_method_is_available[Test for Tanssi, url: wss://services.tanssi-mainnet.network/tanssi]","tests","2026-05-30","passed","2026-05-30","","test_rpc_methods_availability","",""
"","0","test_precision[Test for Avail]","tests","2026-05-30","passed","2026-05-30","TestPrecision","test_network_parameters","",""
"","94","test_rpc_method_is_available[Test for Aleph Zero, url: wss://ws.azero.dev]","tests","2026-05-30","passed","2026-05-30","","test_rpc_methods_availability","",""
"","122","test_rpc_node_is_synced[Test for UNIQUE, url: wss://asia-ws.unique.network/]","tests","2026-05-30","passed","2026-05-30","","test_substrate_node_is_synced","",""
"","35","test_has_new_assets[Test for Kintsugi]","tests","2026-05-30","passed","2026-05-30","TestAssets","test_check_new_assets","",""
"","1","test_can_create_connection[Test for Hydration, url: wss://hydration.ibp.network]","tests","2026-05-30","passed","2026-05-30","","test_nodes_availability","",""
"","24","test_rpc_node_is_synced[Test for Kusama Relay, url: wss://rpc.ibp.network/kusama]","tests","2026-05-30","passed","2026-05-30","","test_substrate_node_is_synced","",""
"","0","test_can_create_connection[Test for Polkadot People, url: wss://people-polkadot.dotters.network]","tests","2026-05-30","passed","2026-05-30","","test_nodes_availability","",""
"","0","test_rpc_method_is_available[Test for Moonriver, url: wss://moonriver.public.curie.radiumblock.co/ws]","tests","2026-05-30","broken","2026-05-30","","test_rpc_methods_availability","",""
"","95","test_has_new_assets[Test for Polkadot People]","tests","2026-05-30","passed","2026-05-30","TestAssets","test_check_new_assets","",""
"","0","test_can_create_connection[Test for Polkadot Coretime, url: wss://polkadot-coretime-rpc.polkadot.io]","tests","2026-05-30","passed","2026-05-30","","test_nodes_availability","",""
"","40","test_rpc_node_is_synced[Test for Kusama People, url: wss://sys.ibp.network/people-kusama]","tests","2026-05-30","passed","2026-05-30","","test_substrate_node_is_synced","",""
"","223","test_rpc_node_is_synced[Test for Crust Shadow, url: wss://rpc-shadow.crust.network/]","tests","2026-05-30","passed","2026-05-30","","test_substrate_node_is_synced","",""
"","111","test_rpc_node_is_synced[Test for Polkadot Coretime, url: wss://polkadot-coretime-rpc.polkadot.io]","tests","2026-05-30","passed","2026-05-30","","test_substrate_node_is_synced","",""
"","95","test_rpc_method_is_available[Test for GIANT, url: wss://rpc-anchor-2-mainnet-az-ue1.giantprotocol.org:443]","tests","2026-05-30","passed","2026-05-30","","test_rpc_methods_availability","",""
"","34","test_rpc_node_is_synced[Test for Polkadot Relay, url: wss://dot-rpc.stakeworld.io]","tests","2026-05-30","passed","2026-05-30","","test_substrate_node_is_synced","",""
"","0","test_chainId[Test for Interlay]","tests","2026-05-30","passed","2026-05-30","TestChainId","test_network_parameters","",""
"","0","test_precision[Test for JAMTON]","tests","2026-05-30","passed","2026-05-30","TestPrecision","test_network_parameters","",""
"","1","test_chainId[Test for Encointer]","tests","2026-05-30","passed","2026-05-30","TestChainId","test_network_parameters","",""
"","0","test_can_create_connection[Test for Kreivo, url: wss://kreivo.kippu.rocks/]","tests","2026-05-30","passed","2026-05-30","","test_nodes_availability","",""
"","150","test_rpc_method_is_available[Test for Polkadot Relay, url: wss://polkadot.public.curie.radiumblock.co/ws]","tests","2026-05-30","passed","2026-05-30","","test_rpc_methods_availability","",""
"","25","test_rpc_node_is_synced[Test for Polkadot Relay, url: wss://polkadot.dotters.network]","tests","2026-05-30","passed","2026-05-30","","test_substrate_node_is_synced","",""
"","103","test_rpc_node_is_synced[Test for Cere, url: wss://rpc.mainnet.cere.network/ws]","tests","2026-05-30","passed","2026-05-30","","test_substrate_node_is_synced","",""
"","0","test_rpc_node_is_synced[Test for QUARTZ, url: wss://quartz.unique.network]","tests","2026-05-30","broken","2026-05-30","","test_substrate_node_is_synced","",""
"","96","test_rpc_method_is_available[Test for Enjin Matrix, url: wss://rpc.matrix.blockchain.enjin.io]","tests","2026-05-30","passed","2026-05-30","","test_rpc_methods_availability","",""
"","0","test_can_create_connection[Test for Encointer, url: wss://sys.ibp.network/encointer-kusama]","tests","2026-05-30","passed","2026-05-30","","test_nodes_availability","",""
"","57","test_has_new_assets[Test for Bifrost Kusama]","tests","2026-05-30","passed","2026-05-30","TestAssets","test_check_new_assets","",""
"","11","test_has_new_assets[Test for Kreivo]","tests","2026-05-30","passed","2026-05-30","TestAssets","test_check_new_assets","",""
"","1","test_chainId[Test for XX network]","tests","2026-05-30","passed","2026-05-30","TestChainId","test_network_parameters","",""
"","0","test_rpc_method_is_available[Test for Amplitude, url: wss://rpc-amplitude.pendulumchain.tech]","tests","2026-05-30","broken","2026-05-30","","test_rpc_methods_availability","",""
"","1","test_precision[Test for Cere]","tests","2026-05-30","passed","2026-05-30","TestPrecision","test_network_parameters","",""
"","0","test_address_prefix[Test for Bittensor]","tests","2026-05-30","passed","2026-05-30","TestNetworkPrefix","test_network_parameters","",""
"","106","test_rpc_method_is_available[Test for Enjin Relay, url: wss://rpc.relay.blockchain.enjin.io]","tests","2026-05-30","passed","2026-05-30","","test_rpc_methods_availability","",""
"","65","test_rpc_node_is_synced[Test for Moonbeam, url: wss://wss.api.moonbeam.network]","tests","2026-05-30","passed","2026-05-30","","test_substrate_node_is_synced","",""
"","0","test_rpc_method_is_available[Test for Crab, url: wss://crab-rpc.darwinia.network/]","tests","2026-05-30","broken","2026-05-30","","test_rpc_methods_availability","",""
"","125","test_rpc_node_is_synced[Test for Polkadot Bridge Hub, url: wss://dot-rpc.stakeworld.io/bridgehub]","tests","2026-05-30","passed","2026-05-30","","test_substrate_node_is_synced","",""
"","138","test_rpc_method_is_available[Test for Crust Polkadot Parachain, url: wss://crust-parachain.crustapps.net]","tests","2026-05-30","passed","2026-05-30","","test_rpc_methods_availability","",""
"","0","test_precision[Test for XX network]","tests","2026-05-30","passed","2026-05-30","TestPrecision","test_network_parameters","",""
"","105","test_rpc_method_is_available[Test for Bittensor, url: wss://entrypoint-finney.opentensor.ai:443]","tests","2026-05-30","passed","2026-05-30","","test_rpc_methods_availability","",""
"","0","test_can_create_connection[Test for Aleph Zero, url: wss://ws.azero.dev]","tests","2026-05-30","passed","2026-05-30","","test_nodes_availability","",""
"","0","test_can_create_connection[Test for Interlay, url: wss://api.interlay.io/parachain]","tests","2026-05-30","passed","2026-05-30","","test_nodes_availability","",""
"","95","test_rpc_method_is_available[Test for Manta Atlantic, url: wss://ws.manta.systems]","tests","2026-05-30","passed","2026-05-30","","test_rpc_methods_availability","",""
"","0","test_rpc_node_is_synced[Test for Moonbeam, url: wss://moonbeam.ibp.network]","tests","2026-05-30","broken","2026-05-30","","test_substrate_node_is_synced","",""
"","0","test_address_prefix[Test for krest]","tests","2026-05-30","passed","2026-05-30","TestNetworkPrefix","test_network_parameters","",""
"","0","test_precision[Test for Vara]","tests","2026-05-30","passed","2026-05-30","TestPrecision","test_network_parameters","",""
"","162","test_rpc_node_is_synced[Test for Kusama Relay, url: wss://rpc-kusama-2.novasama-tech.org]","tests","2026-05-30","passed","2026-05-30","","test_substrate_node_is_synced","",""
"","0","test_can_create_connection[Test for Polkadot Relay, url: wss://apps-rpc.polkadot.io]","tests","2026-05-30","passed","2026-05-30","","test_nodes_availability","",""
"","257","test_rpc_method_is_available[Test for Kusama Asset Hub, url: wss://asset-hub-kusama.dotters.network]","tests","2026-05-30","passed","2026-05-30","","test_rpc_methods_availability","",""
"","0","test_precision[Test for Enjin Relay]","tests","2026-05-30","passed","2026-05-30","TestPrecision","test_network_parameters","",""
"","94","test_rpc_method_is_available[Test for Interlay, url: wss://api.interlay.io/parachain]","tests","2026-05-30","passed","2026-05-30","","test_rpc_methods_availability","",""
"","0","test_precision[Test for Zeitgeist]","tests","2026-05-30","passed","2026-05-30","TestPrecision","test_network_parameters","",""
"","92","test_rpc_method_is_available[Test for Polkadot Asset Hub, url: wss://asset-hub-polkadot-rpc.n.dwellir.com]","tests","2026-05-30","passed","2026-05-30","","test_rpc_methods_availability","",""
"","127","test_rpc_node_is_synced[Test for NeuroWeb, url: wss://parachain-rpc.origin-trail.network]","tests","2026-05-30","passed","2026-05-30","","test_substrate_node_is_synced","",""
"","135","test_rpc_method_is_available[Test for UNIQUE, url: wss://us-ws.unique.network/]","tests","2026-05-30","passed","2026-05-30","","test_rpc_methods_availability","",""
"","57","test_rpc_node_is_synced[Test for peaq, url: wss://peaq-rpc.publicnode.com]","tests","2026-05-30","passed","2026-05-30","","test_substrate_node_is_synced","",""
"","93","test_rpc_method_is_available[Test for Centrifuge Parachain, url: wss://rpc-centrifuge.luckyfriday.io]","tests","2026-05-30","passed","2026-05-30","","test_rpc_methods_availability","",""
"","132","test_rpc_method_is_available[Test for Kusama Relay, url: wss://rpc.ibp.network/kusama]","tests","2026-05-30","passed","2026-05-30","","test_rpc_methods_availability","",""
"","0","test_chainId[Test for Acurast Canary]","tests","2026-05-30","passed","2026-05-30","TestChainId","test_network_parameters","",""
"","0","test_chainId[Test for Cere]","tests","2026-05-30","passed","2026-05-30","TestChainId","test_network_parameters","",""
"","0","test_rpc_node_is_synced[Test for Laos, url: wss://rpc.laos.laosfoundation.io]","tests","2026-05-30","broken","2026-05-30","","test_substrate_node_is_synced","",""
"","0","test_can_create_connection[Test for Westend (TESTNET), url: wss://westend-rpc.polkadot.io]","tests","2026-05-30","passed","2026-05-30","","test_nodes_availability","",""
"","93","test_rpc_method_is_available[Test for Interlay, url: wss://rpc-interlay.luckyfriday.io/]","tests","2026-05-30","passed","2026-05-30","","test_rpc_methods_availability","",""
"","0","test_address_prefix[Test for Polymesh]","tests","2026-05-30","passed","2026-05-30","TestNetworkPrefix","test_network_parameters","",""
"","7","test_has_new_assets[Test for Polkadex]","tests","2026-05-30","passed","2026-05-30","TestAssets","test_check_new_assets","",""
"","1","test_chainId[Test for Bittensor]","tests","2026-05-30","passed","2026-05-30","TestChainId","test_network_parameters","",""
"","0","test_address_prefix[Test for Mythos]","tests","2026-05-30","passed","2026-05-30","TestNetworkPrefix","test_network_parameters","",""
"","0","test_precision[Test for Pendulum]","tests","2026-05-30","passed","2026-05-30","TestPrecision","test_network_parameters","",""
"","0","test_can_create_connection[Test for Moonbeam, url: wss://moonbeam.dotters.network]","tests","2026-05-30","broken","2026-05-30","","test_nodes_availability","",""
"","7","test_has_new_assets[Test for Robonomics]","tests","2026-05-30","passed","2026-05-30","TestAssets","test_check_new_assets","",""
"","89","test_rpc_method_is_available[Test for Encointer, url: wss://encointer-kusama.dotters.network]","tests","2026-05-30","passed","2026-05-30","","test_rpc_methods_availability","",""
"","0","test_rpc_node_is_synced[Test for Polkadex, url: wss://polkadex.public.curie.radiumblock.co/ws]","tests","2026-05-30","broken","2026-05-30","","test_substrate_node_is_synced","",""
"","54","test_rpc_node_is_synced[Test for Avail, url: wss://mainnet.avail-rpc.com/]","tests","2026-05-30","passed","2026-05-30","","test_substrate_node_is_synced","",""
"","142","test_rpc_node_is_synced[Test for Joystream, url: wss://rpc.joystream.org]","tests","2026-05-30","passed","2026-05-30","","test_substrate_node_is_synced","",""
"","0","test_can_create_connection[Test for Crust Shadow, url: wss://rpc-shadow.crust.network/]","tests","2026-05-30","passed","2026-05-30","","test_nodes_availability","",""
"","1","test_address_prefix[Test for 3DPass]","tests","2026-05-30","passed","2026-05-30","TestNetworkPrefix","test_network_parameters","",""
"","0","test_rpc_node_is_synced[Test for Crab, url: wss://crab-rpc.darwinia.network/]","tests","2026-05-30","broken","2026-05-30","","test_substrate_node_is_synced","",""
"","25","test_rpc_node_is_synced[Test for Avail, url: wss://avail.api.onfinality.io/public-ws]","tests","2026-05-30","passed","2026-05-30","","test_substrate_node_is_synced","",""
"","11","test_has_new_assets[Test for Polymesh]","tests","2026-05-30","passed","2026-05-30","TestAssets","test_check_new_assets","",""
"","30","test_rpc_node_is_synced[Test for Polkadot Relay, url: wss://rpc-polkadot.luckyfriday.io]","tests","2026-05-30","passed","2026-05-30","","test_substrate_node_is_synced","",""
"","176","test_rpc_node_is_synced[Test for Bifrost Polkadot, url: wss://hk.p.bifrost-rpc.liebi.com/ws]","tests","2026-05-30","passed","2026-05-30","","test_substrate_node_is_synced","",""
"","1","test_chainId[Test for Energy Web X]","tests","2026-05-30","passed","2026-05-30","TestChainId","test_network_parameters","",""
"","0","test_rpc_method_is_available[Test for Phala, url: wss://phala-rpc.n.dwellir.com]","tests","2026-05-30","broken","2026-05-30","","test_rpc_methods_availability","",""
"","0","test_address_prefix[Test for Aventus]","tests","2026-05-30","passed","2026-05-30","TestNetworkPrefix","test_network_parameters","",""
"","0","test_precision[Test for Curio]","tests","2026-05-30","broken","2026-05-30","TestPrecision","test_network_parameters","",""
"","114","test_rpc_node_is_synced[Test for Polkadot Relay, url: wss://apps-rpc.polkadot.io]","tests","2026-05-30","passed","2026-05-30","","test_substrate_node_is_synced","",""
"","0","test_can_create_connection[Test for Kusama Asset Hub, url: wss://sys.ibp.network/statemine]","tests","2026-05-30","passed","2026-05-30","","test_nodes_availability","",""
"","1","test_can_create_connection[Test for Bittensor, url: wss://entrypoint-finney.opentensor.ai:443]","tests","2026-05-30","passed","2026-05-30","","test_nodes_availability","",""
"","12","test_has_new_assets[Test for Manta Atlantic]","tests","2026-05-30","passed","2026-05-30","TestAssets","test_check_new_assets","",""
"","89","test_rpc_method_is_available[Test for XX network, url: wss://rpc.xx.network]","tests","2026-05-30","passed","2026-05-30","","test_rpc_methods_availability","",""
"","0","test_rpc_node_is_synced[Test for Tangle, url: wss://rpc.tangle.tools]","tests","2026-05-30","broken","2026-05-30","","test_substrate_node_is_synced","",""
"","0","test_can_create_connection[Test for Crab, url: wss://crab-rpc.darwinia.network/]","tests","2026-05-30","broken","2026-05-30","","test_nodes_availability","",""
"","0","test_can_create_connection[Test for Avail, url: wss://avail.api.onfinality.io/public-ws]","tests","2026-05-30","passed","2026-05-30","","test_nodes_availability","",""
"","142","test_rpc_node_is_synced[Test for Tanssi, url: wss://services.tanssi-mainnet.network/tanssi]","tests","2026-05-30","passed","2026-05-30","","test_substrate_node_is_synced","",""
"","0","test_precision[Test for Westend (TESTNET)]","tests","2026-05-30","passed","2026-05-30","TestPrecision","test_network_parameters","",""
"","0","test_rpc_method_is_available[Test for QUARTZ, url: wss://eu-ws-quartz.unique.network]","tests","2026-05-30","broken","2026-05-30","","test_rpc_methods_availability","",""
"","93","test_rpc_method_is_available[Test for Bifrost Polkadot, url: wss://hk.p.bifrost-rpc.liebi.com/ws]","tests","2026-05-30","passed","2026-05-30","","test_rpc_methods_availability","",""
"","9","test_has_new_assets[Test for Aventus]","tests","2026-05-30","passed","2026-05-30","TestAssets","test_check_new_assets","",""
"","7","test_has_new_assets[Test for JAMTON]","tests","2026-05-30","passed","2026-05-30","TestAssets","test_check_new_assets","",""
"","0","test_chainId[Test for Bifrost Polkadot]","tests","2026-05-30","passed","2026-05-30","TestChainId","test_network_parameters","",""
"","123","test_rpc_node_is_synced[Test for Robonomics, url: wss://kusama.rpc.robonomics.network/]","tests","2026-05-30","passed","2026-05-30","","test_substrate_node_is_synced","",""
"","166","test_rpc_method_is_available[Test for Hydration, url: wss://rpc.hydradx.cloud]","tests","2026-05-30","passed","2026-05-30","","test_rpc_methods_availability","",""
"","0","test_can_create_connection[Test for Kusama Bridge Hub, url: wss://bridge-hub-kusama.dotters.network]","tests","2026-05-30","passed","2026-05-30","","test_nodes_availability","",""
"","0","test_address_prefix[Test for Bifrost Kusama]","tests","2026-05-30","passed","2026-05-30","TestNetworkPrefix","test_network_parameters","",""
"","40","test_rpc_node_is_synced[Test for Polkadot People, url: wss://sys.ibp.network/people-polkadot]","tests","2026-05-30","passed","2026-05-30","","test_substrate_node_is_synced","",""
"","0","test_address_prefix[Test for Amplitude]","tests","2026-05-30","broken","2026-05-30","TestNetworkPrefix","test_network_parameters","",""
"","0","test_can_create_connection[Test for Polkadex, url: wss://so.polkadex.ee]","tests","2026-05-30","passed","2026-05-30","","test_nodes_availability","",""
"","0","test_precision[Test for CC Enterprise]","tests","2026-05-30","passed","2026-05-30","TestPrecision","test_network_parameters","",""
"","0","test_rpc_method_is_available[Test for Ajuna, url: wss://ajuna.dotters.network]","tests","2026-05-30","broken","2026-05-30","","test_rpc_methods_availability","",""
"","24","test_rpc_node_is_synced[Test for Kusama Bridge Hub, url: wss://bridge-hub-kusama.dotters.network]","tests","2026-05-30","passed","2026-05-30","","test_substrate_node_is_synced","",""
"","0","test_precision[Test for Polkadot Relay]","tests","2026-05-30","passed","2026-05-30","TestPrecision","test_network_parameters","",""
"","112","test_rpc_node_is_synced[Test for Westend (TESTNET), url: wss://westend-rpc.polkadot.io]","tests","2026-05-30","passed","2026-05-30","","test_substrate_node_is_synced","",""
"","8","test_has_new_assets[Test for Polkadot Coretime]","tests","2026-05-30","passed","2026-05-30","TestAssets","test_check_new_assets","",""
"","104","test_rpc_method_is_available[Test for Energy Web X, url: wss://public-rpc.mainnet.energywebx.com/]","tests","2026-05-30","passed","2026-05-30","","test_rpc_methods_availability","",""
"","0","test_precision[Test for Kusama Relay]","tests","2026-05-30","passed","2026-05-30","TestPrecision","test_network_parameters","",""
"","123","test_rpc_node_is_synced[Test for UNIQUE, url: wss://eu-ws.unique.network/]","tests","2026-05-30","passed","2026-05-30","","test_substrate_node_is_synced","",""
"","0","test_chainId[Test for peaq]","tests","2026-05-30","passed","2026-05-30","TestChainId","test_network_parameters","",""
"","96","test_rpc_method_is_available[Test for Ajuna, url: wss://rpc-para.ajuna.network]","tests","2026-05-30","passed","2026-05-30","","test_rpc_methods_availability","",""
"","35","test_rpc_node_is_synced[Test for Enjin Matrix, url: wss://rpc.matrix.blockchain.enjin.io]","tests","2026-05-30","passed","2026-05-30","","test_substrate_node_is_synced","",""
"","0","test_address_prefix[Test for Tangle]","tests","2026-05-30","broken","2026-05-30","TestNetworkPrefix","test_network_parameters","",""
"","0","test_precision[Test for Basilisk]","tests","2026-05-30","passed","2026-05-30","TestPrecision","test_network_parameters","",""
"","96","test_rpc_node_is_synced[Test for Karura, url: wss://karura-rpc-0.aca-api.network]","tests","2026-05-30","passed","2026-05-30","","test_substrate_node_is_synced","",""
"","0","test_precision[Test for Polkadot People]","tests","2026-05-30","passed","2026-05-30","TestPrecision","test_network_parameters","",""
"","125","test_rpc_node_is_synced[Test for Heima, url: wss://heima-rpc.n.dwellir.com]","tests","2026-05-30","passed","2026-05-30","","test_substrate_node_is_synced","",""
"","0","test_precision[Test for Joystream]","tests","2026-05-30","passed","2026-05-30","TestPrecision","test_network_parameters","",""
"","1","test_chainId[Test for DeepBrain]","tests","2026-05-30","passed","2026-05-30","TestChainId","test_network_parameters","",""
"","0","test_address_prefix[Test for Kreivo]","tests","2026-05-30","passed","2026-05-30","TestNetworkPrefix","test_network_parameters","",""
"","8","test_has_new_assets[Test for Centrifuge Parachain]","tests","2026-05-30","passed","2026-05-30","TestAssets","test_check_new_assets","",""
"","0","test_chainId[Test for Ternoa]","tests","2026-05-30","passed","2026-05-30","TestChainId","test_network_parameters","",""
"","31","test_rpc_node_is_synced[Test for Enjin Relay, url: wss://rpc.relay.blockchain.enjin.io]","tests","2026-05-30","passed","2026-05-30","","test_substrate_node_is_synced","",""
"","73","test_rpc_node_is_synced[Test for Karura, url: wss://karura-rpc-3.aca-api.network/ws]","tests","2026-05-30","passed","2026-05-30","","test_substrate_node_is_synced","",""
"","12","test_has_new_assets[Test for GIANT]","tests","2026-05-30","passed","2026-05-30","TestAssets","test_check_new_assets","",""
"","0","test_rpc_node_is_synced[Test for Acala, url: wss://acala-rpc.n.dwellir.com]","tests","2026-05-30","broken","2026-05-30","","test_substrate_node_is_synced","",""
"","1","test_can_create_connection[Test for peaq, url: wss://peaq-rpc.publicnode.com]","tests","2026-05-30","passed","2026-05-30","","test_nodes_availability","",""
"","83","test_rpc_node_is_synced[Test for Polymesh, url: wss://mainnet-rpc.polymesh.network]","tests","2026-05-30","passed","2026-05-30","","test_substrate_node_is_synced","",""
"","104","test_rpc_method_is_available[Test for Moonriver, url: wss://moonriver-rpc.publicnode.com]","tests","2026-05-30","passed","2026-05-30","","test_rpc_methods_availability","",""
"","0","test_can_create_connection[Test for UNIQUE, url: wss://us-ws.unique.network/]","tests","2026-05-30","passed","2026-05-30","","test_nodes_availability","",""
"","0","test_address_prefix[Test for Joystream]","tests","2026-05-30","passed","2026-05-30","TestNetworkPrefix","test_network_parameters","",""
"","0","test_can_create_connection[Test for Robonomics, url: wss://kusama.rpc.robonomics.network/]","tests","2026-05-30","passed","2026-05-30","","test_nodes_availability","",""
"","0","test_can_create_connection[Test for DAO IPCI, url: wss://ipci.rpc.robonomics.network]","tests","2026-05-30","broken","2026-05-30","","test_nodes_availability","",""
"","7","test_has_new_assets[Test for Avail]","tests","2026-05-30","passed","2026-05-30","TestAssets","test_check_new_assets","",""
"","1","test_address_prefix[Test for XX network]","tests","2026-05-30","passed","2026-05-30","TestNetworkPrefix","test_network_parameters","",""
"","0","test_precision[Test for Kusama Coretime]","tests","2026-05-30","passed","2026-05-30","TestPrecision","test_network_parameters","",""
"","212","test_rpc_node_is_synced[Test for Crust Shadow, url: wss://rpc2-shadow.crust.network/]","tests","2026-05-30","passed","2026-05-30","","test_substrate_node_is_synced","",""
"","1","test_can_create_connection[Test for Polkadot Coretime, url: wss://sys.ibp.network/coretime-polkadot]","tests","2026-05-30","passed","2026-05-30","","test_nodes_availability","",""
"","0","test_rpc_method_is_available[Test for Nodle Parachain, url: wss://nodle-parachain.api.onfinality.io/public-ws]","tests","2026-05-30","broken","2026-05-30","","test_rpc_methods_availability","",""
"","1","test_precision[Test for 3DPass]","tests","2026-05-30","passed","2026-05-30","TestPrecision","test_network_parameters","",""
"","0","test_chainId[Test for Acurast]","tests","2026-05-30","passed","2026-05-30","TestChainId","test_network_parameters","",""
"","104","test_rpc_method_is_available[Test for Pendulum, url: wss://rpc-pendulum.prd.pendulumchain.tech]","tests","2026-05-30","passed","2026-05-30","","test_rpc_methods_availability","",""
"","122","test_rpc_node_is_synced[Test for Bifrost Kusama, url: wss://us.bifrost-rpc.liebi.com/ws]","tests","2026-05-30","passed","2026-05-30","","test_substrate_node_is_synced","",""
"","0","test_chainId[Test for UNIQUE]","tests","2026-05-30","passed","2026-05-30","TestChainId","test_network_parameters","",""
"","1","test_chainId[Test for Polkadot Collectives]","tests","2026-05-30","passed","2026-05-30","TestChainId","test_network_parameters","",""
"","1","test_can_create_connection[Test for Karura, url: wss://karura-rpc-0.aca-api.network]","tests","2026-05-30","passed","2026-05-30","","test_nodes_availability","",""
"","0","test_can_create_connection[Test for Cere, url: wss://rpc.mainnet.cere.network/ws]","tests","2026-05-30","passed","2026-05-30","","test_nodes_availability","",""
"","6","test_has_new_assets[Test for Crust Shadow]","tests","2026-05-30","passed","2026-05-30","TestAssets","test_check_new_assets","",""
"","12","test_has_new_assets[Test for Westend (TESTNET)]","tests","2026-05-30","passed","2026-05-30","TestAssets","test_check_new_assets","",""
"","0","test_can_create_connection[Test for GIANT, url: wss://rpc-anchor-1-mainnet-az-ue1.giantprotocol.org:443]","tests","2026-05-30","passed","2026-05-30","","test_nodes_availability","",""
"","34","test_rpc_node_is_synced[Test for Kusama Coretime, url: wss://rpc-coretime-kusama.luckyfriday.io]","tests","2026-05-30","passed","2026-05-30","","test_substrate_node_is_synced","",""
"","1","test_address_prefix[Test for Avail]","tests","2026-05-30","passed","2026-05-30","TestNetworkPrefix","test_network_parameters","",""
"","141","test_rpc_node_is_synced[Test for UNIQUE, url: wss://us-ws.unique.network/]","tests","2026-05-30","passed","2026-05-30","","test_substrate_node_is_synced","",""
"","1","test_precision[Test for krest]","tests","2026-05-30","passed","2026-05-30","TestPrecision","test_network_parameters","",""
"","167","test_rpc_method_is_available[Test for Polkadot People, url: wss://people-polkadot.public.curie.radiumblock.co/ws]","tests","2026-05-30","passed","2026-05-30","","test_rpc_methods_availability","",""
"","0","test_address_prefix[Test for Crust Shadow]","tests","2026-05-30","passed","2026-05-30","TestNetworkPrefix","test_network_parameters","",""
